epoch,score,pi_loss,q_loss,sim_timesteps
4,12.0,-0.6878958344459534,2.551259994506836,13
5,21.0,-3.104344129562378,0.40754643082618713,22
6,7.0,-3.211094379425049,0.5296826362609863,8
7,7.0,-3.560168504714966,0.5138524770736694,8
8,21.0,-4.948544502258301,0.6166831851005554,22
9,10.0,-5.710673809051514,0.39588141441345215,11
10,34.0,-7.755501747131348,0.24523107707500458,35
11,44.0,-10.879199981689453,0.47666680812835693,45
12,30.0,-11.714638710021973,0.8596205115318298,31
13,42.0,-14.384106636047363,0.7814472913742065,43
14,195.0,-21.927284240722656,1.5224690437316895,196
15,216.0,-30.505146026611328,1.1319184303283691,217
16,334.0,-44.01835632324219,12.584644317626953,335
17,127.0,-48.69334411621094,4.810880661010742,128
18,411.0,-60.17790985107422,1.2116903066635132,412
19,362.0,-64.40799713134766,0.9562336802482605,363
20,428.0,-69.91705322265625,0.4179397225379944,429
21,366.0,-72.75135040283203,0.3217720687389374,367
22,316.0,-73.67230224609375,0.4927801191806793,317
23,337.0,-83.41836547851562,0.5609936714172363,338
24,371.0,-74.80145263671875,0.8312475085258484,372
25,472.0,-83.74413299560547,0.3566421568393707,473
26,500.0,-105.8475570678711,0.8887152075767517,501
27,500.0,-101.40887451171875,107.53445434570312,501
28,500.0,-97.46281433105469,2.8720040321350098,501
29,500.0,-103.28380584716797,3.3032102584838867,501
30,412.0,-98.60448455810547,132.1300811767578,413
31,500.0,-74.93933868408203,2.6016507148742676,501
32,500.0,-79.81389617919922,129.18490600585938,501
33,500.0,-93.99093627929688,55.555686950683594,501
34,295.0,-97.92501068115234,3.6641814708709717,296
35,30.0,-96.07508087158203,70.6019287109375,31
36,91.0,-94.30945587158203,65.16666412353516,92
37,149.0,-95.7305679321289,27.467329025268555,150
38,311.0,-93.05420684814453,31.57916831970215,312
39,500.0,-69.3004379272461,2.091749429702759,501
40,500.0,-82.26520538330078,2.1630516052246094,501
41,500.0,-89.64895629882812,83.8372573852539,501
42,500.0,-83.59605407714844,0.9921761155128479,501
43,500.0,-86.1416015625,1.1556007862091064,501
44,500.0,-86.8010025024414,1.192877173423767,501
45,500.0,-88.136474609375,1.703620433807373,501
46,484.0,-77.22262573242188,1.8739303350448608,485
47,500.0,-64.46549987792969,34.36200714111328,501
48,500.0,-69.58453369140625,0.2678645849227905,501
49,500.0,-77.901123046875,1.6478385925292969,501
50,500.0,-84.0538101196289,19.56676483154297,501
51,251.0,-85.39403533935547,16.607601165771484,252
52,466.0,-87.23399353027344,4.655269622802734,467
53,230.0,-89.81609344482422,2.1887152194976807,231
54,161.0,-82.34074401855469,2.8176887035369873,162
55,184.0,-83.62294006347656,0.8719711303710938,185
56,197.0,-78.73924255371094,0.7980782389640808,198
57,259.0,-72.80150604248047,0.5843775868415833,260
58,500.0,-70.76675415039062,0.9139581322669983,501
59,367.0,-68.63105773925781,59.002540588378906,368
60,209.0,-76.40331268310547,2.897282123565674,210
61,476.0,-71.69561767578125,1.3759150505065918,477
62,290.0,-61.9879264831543,0.45889395475387573,291
63,429.0,-56.59980392456055,0.2426263689994812,430
64,131.0,-50.35261535644531,2.1341583728790283,132
65,500.0,-69.8217544555664,0.2769303619861603,501
66,500.0,-83.24605560302734,0.39600273966789246,501
67,500.0,-89.43814086914062,5.4218316078186035,501
68,227.0,-98.92079162597656,19.86520004272461,228
69,166.0,-105.66486358642578,26.361572265625,167
70,116.0,-116.570556640625,9.751099586486816,117
71,36.0,-119.9629135131836,7.778718948364258,37
72,38.0,-129.4847412109375,48.39297866821289,39
73,31.0,-119.2817611694336,795.100830078125,32
74,31.0,-124.787109375,46.4687385559082,32
75,73.0,-122.72505950927734,22.175128936767578,74
76,125.0,-123.64212799072266,20.791786193847656,126
77,125.0,-119.3818588256836,36.4006462097168,126
78,79.0,-128.28070068359375,18.23265266418457,80
79,62.0,-131.51959228515625,18.46853256225586,63
80,70.0,-114.13931274414062,41.95130920410156,71
81,87.0,-97.02406311035156,11.564186096191406,88
82,78.0,-99.59613037109375,11.737828254699707,79
83,65.0,-96.20890808105469,12.543231964111328,66
84,69.0,-82.89241027832031,7.173928737640381,70
85,66.0,-69.8210678100586,6.075158596038818,67
86,78.0,-64.03933715820312,2.8922500610351562,79
87,69.0,-51.51333999633789,2.5542824268341064,70
88,89.0,-59.81096267700195,2.9626386165618896,90
89,83.0,-41.774200439453125,2.244842767715454,84
90,266.0,-59.693580627441406,3.81314754486084,267
91,216.0,-55.05107116699219,0.8890655040740967,217
92,132.0,-51.91587829589844,3.384869337081909,133
93,227.0,-57.54457473754883,0.9519318342208862,228
94,488.0,-50.542259216308594,0.7700564861297607,489
95,500.0,-78.49034881591797,0.31301331520080566,501
96,148.0,-72.26551055908203,0.8260660767555237,149
97,500.0,-80.01596069335938,1.9615452289581299,501
98,500.0,-86.13618469238281,1.5043317079544067,501
99,500.0,-81.98743438720703,2.444662094116211,501
100,500.0,-78.90398406982422,74.5295639038086,501
101,500.0,-83.30699157714844,1.350954294204712,501
102,500.0,-83.24162292480469,0.6468788981437683,501
103,500.0,-81.5597915649414,0.26492422819137573,501
104,500.0,-80.27819061279297,1.0846078395843506,501
105,500.0,-80.54318237304688,1.7630876302719116,501
106,500.0,-77.49388885498047,2.802015781402588,501
107,500.0,-79.78423309326172,2.1344780921936035,501
108,500.0,-77.06584930419922,0.6617292165756226,501
109,500.0,-78.11601257324219,2.8157336711883545,501
110,500.0,-76.83715057373047,0.8879900574684143,501
111,500.0,-76.15906524658203,0.5754415392875671,501
112,500.0,-83.76154327392578,44.83136749267578,501
113,500.0,-75.1635513305664,1.5622358322143555,501
114,500.0,-65.25827026367188,1.2706594467163086,501
115,500.0,-54.43223571777344,0.5170366764068604,501
116,500.0,-60.02345657348633,31.997154235839844,501
117,500.0,-60.4170036315918,1.4069607257843018,501
118,500.0,-58.066036224365234,0.5074720978736877,501
119,500.0,-60.81537628173828,0.6709679961204529,501
120,500.0,-64.59101867675781,0.6635900735855103,501
121,500.0,-73.98983764648438,0.325541615486145,501
122,500.0,-75.61132049560547,1.7067548036575317,501
123,500.0,-65.17610931396484,1.2346370220184326,501
124,500.0,-53.87089920043945,0.48699161410331726,501
125,428.0,-47.56831359863281,0.8748637437820435,429
126,500.0,-49.430023193359375,0.5650033354759216,501
127,500.0,-58.8221435546875,0.309574156999588,501
128,500.0,-72.14209747314453,0.22232960164546967,501
129,435.0,-72.4787368774414,4.2761759757995605,436
130,401.0,-61.18742370605469,0.6666095852851868,402
131,333.0,-52.125831604003906,0.4373926818370819,334
132,500.0,-53.648983001708984,1.1062750816345215,501
133,500.0,-68.51752471923828,13.088561058044434,501
134,500.0,-75.8287582397461,0.6292340159416199,501
135,500.0,-76.63189697265625,1.3843330144882202,501
136,57.0,-74.59416961669922,2.6898131370544434,58
137,454.0,-67.21853637695312,1.2673859596252441,455
138,500.0,-52.019493103027344,0.5950477719306946,501
139,500.0,-62.0153923034668,9.0215425491333,501
140,500.0,-66.95476531982422,52.261505126953125,501
141,500.0,-55.56171798706055,0.7841057777404785,501
142,500.0,-54.024681091308594,0.6682678461074829,501
143,481.0,-54.53575134277344,1.0375748872756958,482
144,397.0,-48.985191345214844,2.144688606262207,398
145,500.0,-52.41044998168945,0.6827834844589233,501
146,500.0,-58.477500915527344,2.8157358169555664,501
147,500.0,-68.99836730957031,0.2873149812221527,501
148,500.0,-69.34497833251953,0.6191883683204651,501
149,500.0,-66.53955841064453,1.3877884149551392,501
150,286.0,-59.27186584472656,32.89429473876953,287
151,179.0,-55.336978912353516,2.4809892177581787,180
152,197.0,-56.21160125732422,0.6248207688331604,198
153,500.0,-52.51185607910156,0.7133407592773438,501
154,500.0,-79.40164947509766,0.49484947323799133,501
155,500.0,-82.653076171875,0.5649306774139404,501
156,500.0,-81.76412200927734,1.0747660398483276,501
157,500.0,-77.01835632324219,45.10970687866211,501
158,500.0,-65.59295654296875,1.8731952905654907,501
159,500.0,-72.20836639404297,0.4612666368484497,501
160,500.0,-69.68347930908203,1.3837743997573853,501
161,500.0,-55.89046859741211,0.969622790813446,501
162,500.0,-63.33260726928711,0.8301281929016113,501
163,414.0,-63.662445068359375,1.5348587036132812,415
164,500.0,-61.77214813232422,0.815398097038269,501
165,500.0,-72.79627227783203,0.5741866827011108,501
166,500.0,-71.00033569335938,1.3144760131835938,501
167,500.0,-73.10045623779297,56.7886848449707,501
168,500.0,-77.68732452392578,0.3085813522338867,501
169,500.0,-76.490966796875,1.099481463432312,501
170,500.0,-73.81222534179688,57.91218185424805,501
171,500.0,-74.7158432006836,60.01247024536133,501
172,500.0,-77.25476837158203,1.7442245483398438,501
173,500.0,-71.07147216796875,1.0053483247756958,501
174,500.0,-67.65536499023438,0.578003466129303,501
175,500.0,-70.12335205078125,46.044212341308594,501
176,500.0,-71.13885498046875,0.8348613977432251,501
177,500.0,-72.25244903564453,1.7325925827026367,501
178,500.0,-72.14202880859375,0.6408979296684265,501
179,500.0,-69.57271575927734,0.9739758372306824,501
180,500.0,-69.96363067626953,5.983536243438721,501
181,500.0,-68.55701446533203,0.48900726437568665,501
182,500.0,-68.46358489990234,0.613373875617981,501
183,500.0,-68.83320617675781,0.453932523727417,501
184,500.0,-68.51758575439453,0.5697842240333557,501
185,500.0,-70.52778625488281,0.60274338722229,501
186,500.0,-66.46199035644531,1.172653079032898,501
187,500.0,-69.21365356445312,56.1363525390625,501
188,500.0,-79.77416229248047,58.92353057861328,501
189,500.0,-78.84601593017578,51.91691970825195,501
190,500.0,-74.72582244873047,8.378046035766602,501
191,500.0,-75.7796859741211,1.0170915126800537,501
192,500.0,-61.49818420410156,1.9098236560821533,501
193,500.0,-69.04203033447266,2.642909049987793,501
194,500.0,-69.93456268310547,39.34385681152344,501
195,500.0,-35.478580474853516,0.866517961025238,501
196,500.0,-56.3264045715332,0.6056283116340637,501
197,500.0,-62.2339973449707,1.0428071022033691,501
198,500.0,-55.650753021240234,0.7642759680747986,501
199,500.0,-64.63912200927734,0.8726166486740112,501
200,500.0,-73.17245483398438,0.6389616131782532,501
201,500.0,-75.62492370605469,49.990840911865234,501
202,500.0,-72.90103912353516,0.8270435333251953,501
203,500.0,-76.24160766601562,1.2907462120056152,501
204,500.0,-79.93119812011719,59.531402587890625,501
205,500.0,-75.39086151123047,1.0343786478042603,501
206,500.0,-76.21038055419922,0.7890499234199524,501
207,500.0,-74.57131958007812,1.8505598306655884,501
208,500.0,-72.84030151367188,0.5702930688858032,501
209,500.0,-69.80575561523438,1.6948094367980957,501
210,500.0,-66.93152618408203,0.5729602575302124,501
211,500.0,-62.564151763916016,1.7092270851135254,501
212,500.0,-69.20841979980469,0.8137132525444031,501
213,500.0,-65.66043090820312,1.1899758577346802,501
214,500.0,-65.95191192626953,1.79612398147583,501
215,164.0,-66.1329116821289,26.795026779174805,165
216,132.0,-63.60189437866211,1.5981754064559937,133
217,142.0,-61.8321647644043,16.889768600463867,143
218,500.0,-62.95157241821289,0.9248400330543518,501
219,500.0,-66.95087432861328,4.155385494232178,501
220,500.0,-62.347293853759766,1.4105583429336548,501
221,500.0,-56.26968765258789,0.7014704942703247,501
222,500.0,-64.94126892089844,52.79159164428711,501
223,500.0,-66.53683471679688,1.211841106414795,501
224,500.0,-65.73729705810547,0.5161656737327576,501
225,500.0,-68.57412719726562,42.59950256347656,501
226,500.0,-67.4536361694336,0.8333957195281982,501
227,500.0,-63.59906768798828,34.9387092590332,501
228,268.0,-66.83779907226562,0.7018595337867737,269
229,200.0,-63.278324127197266,2.31764817237854,201
230,192.0,-57.081119537353516,0.8544902205467224,193
231,500.0,-59.661293029785156,0.42555171251296997,501
232,500.0,-79.10687255859375,0.31881821155548096,501
233,500.0,-72.50236511230469,41.46250915527344,501
234,500.0,-66.91626739501953,0.8798569440841675,501
235,500.0,-66.92459106445312,0.7241718173027039,501
236,500.0,-66.9759750366211,4.319244861602783,501
237,500.0,-69.7954330444336,49.3105354309082,501
238,500.0,-72.46783447265625,0.7456929683685303,501
239,500.0,-70.88323211669922,0.8625192046165466,501
240,500.0,-70.2979736328125,0.3434304893016815,501
241,500.0,-70.57218933105469,0.6940466165542603,501
242,500.0,-82.58771514892578,1.8087751865386963,501
243,500.0,-53.54941940307617,0.9402303099632263,501
244,500.0,-53.909576416015625,0.9765418767929077,501
245,500.0,-58.395362854003906,1.191135048866272,501
246,237.0,-79.11007690429688,28.19671630859375,238
247,232.0,-85.62828826904297,32.22807312011719,233
248,63.0,-90.2298355102539,182.90997314453125,64
249,6.0,-94.18133544921875,81.25379943847656,7
250,6.0,-85.45445251464844,41.306148529052734,7
251,6.0,-93.99595642089844,47.264404296875,7
252,6.0,-93.7667007446289,45.7536506652832,7
253,6.0,-90.13032531738281,267.625244140625,7
254,5.0,-75.76472473144531,47.57160186767578,6
255,6.0,-73.4926528930664,30.87186050415039,7
256,6.0,-69.94245147705078,120.0004653930664,7
257,5.0,-57.849002838134766,63.958560943603516,6
258,6.0,-46.229957580566406,49.87620162963867,7
259,7.0,-47.3587760925293,55.3304328918457,8
260,6.0,-47.13737487792969,275.26055908203125,7
261,5.0,-47.40822219848633,73.14382934570312,6
262,6.0,-39.3171272277832,52.696346282958984,7
263,6.0,-45.59440612792969,76.51043701171875,7
264,5.0,-48.62383270263672,41.079063415527344,6
265,6.0,-39.2855110168457,43.992374420166016,7
266,5.0,-37.26592254638672,50.165130615234375,6
267,5.0,-30.6550235748291,251.16676330566406,6
268,6.0,-32.23972702026367,43.6302604675293,7
269,6.0,-22.188100814819336,17.823699951171875,7
270,6.0,-25.302227020263672,55.33372116088867,7
271,6.0,-19.324337005615234,26.64934539794922,7
272,7.0,-18.431814193725586,29.578590393066406,8
273,6.0,-21.68608856201172,39.87367630004883,7
274,5.0,-12.757940292358398,33.37968826293945,6
275,5.0,-16.431516647338867,53.195682525634766,6
276,6.0,-11.731376647949219,21.442672729492188,7
277,5.0,-13.728813171386719,17.206073760986328,6
278,5.0,-9.308572769165039,11.36755657196045,6
279,6.0,-10.366613388061523,16.92738151550293,7
280,6.0,-7.538693904876709,20.769018173217773,7
281,6.0,-7.01392936706543,24.55577850341797,7
282,5.0,-6.965989589691162,13.131291389465332,6
283,6.0,-6.320713996887207,7.989181041717529,7
284,6.0,-7.034180164337158,6.689225673675537,7
285,5.0,-6.128191947937012,3.135568141937256,6
286,6.0,-6.7256622314453125,2.4918389320373535,7
287,5.0,-5.953791618347168,8.45608139038086,6
288,5.0,-5.995609283447266,2.3316450119018555,6
289,5.0,-5.25990104675293,3.0706403255462646,6
290,6.0,-5.421766757965088,2.439185857772827,7
291,6.0,-6.379000663757324,2.6510322093963623,7
292,6.0,-4.6174211502075195,2.291609048843384,7
293,6.0,-4.131593227386475,1.528871774673462,7
294,7.0,-4.543036460876465,1.6772487163543701,8
295,6.0,-4.1500372886657715,2.5413858890533447,7
296,5.0,-3.6823413372039795,2.184877395629883,6
297,6.0,-3.4865922927856445,2.278867244720459,7
298,6.0,-3.6342990398406982,2.4808156490325928,7
299,5.0,-3.8122153282165527,2.2035109996795654,6
300,5.0,-3.3248751163482666,1.2162410020828247,6
301,5.0,-3.618936777114868,2.7475669384002686,6
302,5.0,-2.897489547729492,1.0941241979599,6
303,5.0,-3.513045072555542,1.9402403831481934,6
304,5.0,-3.142472267150879,1.2117483615875244,6
305,6.0,-2.771310806274414,1.0892844200134277,7
306,5.0,-2.8807077407836914,1.309110403060913,6
307,6.0,-2.9817745685577393,1.5997811555862427,7
308,6.0,-3.122128963470459,1.1761195659637451,7
309,6.0,-2.753749370574951,0.9268259406089783,7
310,6.0,-3.278874158859253,1.0017622709274292,7
311,6.0,-2.815040349960327,0.8462873697280884,7
312,7.0,-2.51265811920166,0.9198145270347595,8
313,8.0,-2.788055419921875,1.011178970336914,9
314,7.0,-2.631027936935425,0.8869828581809998,8
315,6.0,-2.7050673961639404,0.8646311163902283,7
316,7.0,-2.5199966430664062,0.7174951434135437,8
317,5.0,-2.475952625274658,0.8254936933517456,6
318,6.0,-2.320871591567993,0.8457737565040588,7
319,6.0,-2.6435067653656006,0.7419256567955017,7
320,5.0,-2.4462060928344727,0.7266643047332764,6
321,5.0,-2.6030073165893555,0.7054998278617859,6
322,6.0,-2.5415756702423096,0.9839367866516113,7
323,6.0,-2.590637445449829,0.7159520983695984,7
324,6.0,-2.390251636505127,0.6969553232192993,7
325,7.0,-2.463000535964966,0.8523401021957397,8
326,6.0,-2.204026222229004,1.0309218168258667,7
327,5.0,-2.6584410667419434,0.6893298625946045,6
328,6.0,-2.432386875152588,0.8010122776031494,7
329,6.0,-2.404787540435791,0.8643935918807983,7
330,5.0,-2.352370500564575,0.772662341594696,6
331,6.0,-2.167506456375122,0.7505905032157898,7
332,6.0,-2.1307339668273926,0.7625515460968018,7
333,6.0,-2.4785759449005127,0.6622816324234009,7
334,6.0,-2.5872483253479004,0.5492080450057983,7
335,5.0,-2.3706207275390625,0.8596751689910889,6
336,6.0,-2.2444190979003906,0.6237417459487915,7
337,6.0,-2.0907342433929443,0.6327421069145203,7
338,6.0,-2.2366831302642822,0.5404956340789795,7
339,6.0,-2.133654832839966,0.6637361645698547,7
340,6.0,-2.082413911819458,0.7478137016296387,7
341,7.0,-2.179344892501831,0.6652807593345642,8
342,5.0,-2.033663749694824,0.6934639811515808,6
343,6.0,-2.00996732711792,0.6838029623031616,7
344,6.0,-2.179471492767334,0.6662864685058594,7
345,6.0,-2.1238532066345215,0.6612666845321655,7
346,6.0,-1.9285274744033813,0.713102400302887,7
347,6.0,-2.2682197093963623,0.49184077978134155,7
348,5.0,-2.0200421810150146,0.6004295349121094,6
349,6.0,-1.9800996780395508,0.7715122699737549,7
350,5.0,-1.9674464464187622,0.672728419303894,6
351,7.0,-2.102949619293213,0.594752311706543,8
352,6.0,-2.0216000080108643,0.6963986754417419,7
353,5.0,-2.1144378185272217,0.5202533602714539,6
354,6.0,-2.1506998538970947,0.528456449508667,7
355,6.0,-2.121260166168213,0.6398890018463135,7
356,6.0,-2.1399319171905518,0.5960983633995056,7
357,6.0,-2.0879175662994385,0.5389584898948669,7
358,6.0,-1.915187120437622,0.7220340967178345,7
359,6.0,-2.0320017337799072,0.5704082250595093,7
360,6.0,-1.8095587491989136,0.7228943109512329,7
361,6.0,-1.837125301361084,0.8664059638977051,7
362,5.0,-1.8755507469177246,0.7461615204811096,6
363,6.0,-1.9085785150527954,0.6944952607154846,7
364,6.0,-1.7834645509719849,0.7213742136955261,7
365,6.0,-1.9797577857971191,0.5366840362548828,7
366,5.0,-1.8728458881378174,0.7261671423912048,6
367,5.0,-1.910304307937622,0.6125667691230774,6
368,6.0,-1.7203621864318848,0.7838850617408752,7
369,6.0,-1.777485966682434,0.7601853013038635,7
370,5.0,-1.9049921035766602,0.745273768901825,6
371,6.0,-1.9158999919891357,0.5738430619239807,7
372,6.0,-1.8867383003234863,0.626667857170105,7
373,7.0,-1.7417057752609253,0.6444624066352844,8
374,6.0,-1.5833640098571777,0.6572422981262207,7
375,6.0,-1.8652052879333496,0.5379739999771118,7
376,5.0,-1.8210208415985107,0.6309549808502197,6
377,6.0,-1.8735556602478027,0.6416122317314148,7
378,5.0,-1.95296049118042,0.5886926651000977,6
379,5.0,-1.9169092178344727,0.6581615209579468,6
380,6.0,-1.6460283994674683,0.8555597066879272,7
381,6.0,-1.8817787170410156,0.6771199703216553,7
382,6.0,-1.7826309204101562,0.7952913045883179,7
383,5.0,-1.6684767007827759,0.7435945272445679,6
384,7.0,-1.698663353919983,0.7328080534934998,8
385,6.0,-1.7044812440872192,0.7034072279930115,7
386,5.0,-1.822218894958496,0.6655363440513611,6
387,6.0,-1.726944088935852,0.7358599901199341,7
388,6.0,-1.7976664304733276,0.6167600154876709,7
389,6.0,-1.8870835304260254,0.6761493682861328,7
390,5.0,-1.76603364944458,0.6836966872215271,6
391,6.0,-1.4479619264602661,0.7344817519187927,7
392,6.0,-1.6600773334503174,0.700184166431427,7
393,5.0,-1.729733943939209,0.6719937324523926,6
394,6.0,-1.7227587699890137,0.6087261438369751,7
395,5.0,-1.7905449867248535,0.5986322164535522,6
396,5.0,-1.8560571670532227,0.5583740472793579,6
397,6.0,-1.6867038011550903,0.5631120204925537,7
398,6.0,-1.5716166496276855,0.5567994713783264,7
399,5.0,-1.7833929061889648,0.5267311930656433,6
400,5.0,-1.7479095458984375,0.5656665563583374,6
401,7.0,-1.8075246810913086,0.47777894139289856,8
402,6.0,-1.7933290004730225,0.565387487411499,7
403,7.0,-1.6185764074325562,0.5170342326164246,8
404,7.0,-2.2429959774017334,0.34682419896125793,8
405,5.0,-1.7360481023788452,0.320494145154953,6
406,5.0,-2.1246283054351807,0.4039934575557709,6
407,5.0,-2.1299843788146973,0.28056398034095764,6
408,5.0,-1.883541464805603,0.3345954120159149,6
409,6.0,-1.9011321067810059,0.3256113529205322,7
410,7.0,-1.7736183404922485,0.39131590723991394,8
411,6.0,-2.158623456954956,0.32424041628837585,7
412,7.0,-2.2262630462646484,0.30025893449783325,8
413,6.0,-2.413090705871582,0.21514756977558136,7
414,6.0,-1.989102840423584,0.24253669381141663,7
415,5.0,-2.0263054370880127,0.29731377959251404,6
416,5.0,-2.626950979232788,0.20822109282016754,6
417,6.0,-2.4727981090545654,0.2566182613372803,7
418,5.0,-2.2140588760375977,0.2040790617465973,6
419,5.0,-2.176968574523926,0.25208866596221924,6
420,5.0,-2.229999542236328,0.22925855219364166,6
421,6.0,-2.458040237426758,0.21261438727378845,7
422,6.0,-2.4772162437438965,0.2059968113899231,7
423,6.0,-2.3536877632141113,0.26103052496910095,7
424,6.0,-2.28503155708313,0.27064061164855957,7
425,6.0,-2.6103339195251465,0.23805709183216095,7
426,6.0,-2.6519744396209717,0.21435941755771637,7
427,5.0,-2.307310104370117,0.2427276372909546,6
428,5.0,-2.33477520942688,0.22876855731010437,6
429,6.0,-3.1171627044677734,0.22220207750797272,7
430,5.0,-2.4124867916107178,0.242266446352005,6
431,6.0,-2.535083770751953,0.21356791257858276,7
432,6.0,-2.7221312522888184,0.17832274734973907,7
433,6.0,-2.473814010620117,0.2491091936826706,7
434,5.0,-2.660595655441284,0.1764688491821289,6
435,6.0,-2.6622097492218018,0.20649351179599762,7
436,6.0,-2.4574811458587646,0.20605511963367462,7
437,6.0,-2.775596857070923,0.18317218124866486,7
438,6.0,-2.7732207775115967,0.13158990442752838,7
439,5.0,-2.458491802215576,0.21669387817382812,6
440,5.0,-2.608578681945801,0.1598082035779953,6
441,5.0,-2.7125463485717773,0.1964368373155594,6
442,6.0,-2.4316351413726807,0.18098606169223785,7
443,5.0,-2.447758913040161,0.19047735631465912,6
444,5.0,-2.7770485877990723,0.19381998479366302,6
445,5.0,-2.8213229179382324,0.16913120448589325,6
446,5.0,-2.5661089420318604,0.21635830402374268,6
447,6.0,-2.292848587036133,0.22967617213726044,7
448,5.0,-2.763608455657959,0.2014104127883911,6
449,5.0,-2.496253728866577,0.1581074595451355,6
450,5.0,-2.3514037132263184,0.18160492181777954,6
451,5.0,-2.717715263366699,0.1779443323612213,6
452,7.0,-2.814624547958374,0.1458260715007782,8
453,6.0,-2.6797823905944824,0.1818486601114273,7
454,5.0,-2.6147594451904297,0.17016476392745972,6
455,6.0,-2.719592809677124,0.18612243235111237,7
456,6.0,-2.727062463760376,0.15859410166740417,7
457,6.0,-2.5825650691986084,0.140485942363739,7
458,6.0,-2.36364483833313,0.14756909012794495,7
459,6.0,-2.63065242767334,0.16446086764335632,7
460,6.0,-2.378406286239624,0.20251715183258057,7
461,6.0,-2.3322641849517822,0.176621213555336,7
462,6.0,-2.7749927043914795,0.1483297199010849,7
463,6.0,-2.797001361846924,0.10371910780668259,7
464,5.0,-2.8960845470428467,0.13627660274505615,6
465,5.0,-2.5723037719726562,0.16180019080638885,6
466,6.0,-2.6970105171203613,0.13938573002815247,7
467,5.0,-2.391549587249756,0.16295428574085236,6
468,5.0,-2.7844972610473633,0.1515621542930603,6
469,6.0,-2.6454241275787354,0.1561279147863388,7
470,6.0,-2.6469414234161377,0.16399385035037994,7
471,6.0,-2.8458549976348877,0.13982529938220978,7
472,5.0,-2.745429754257202,0.1197444424033165,6
473,5.0,-2.492248773574829,0.1357833743095398,6
474,5.0,-2.2358739376068115,0.16228118538856506,6
475,5.0,-2.380990982055664,0.12931136786937714,6
476,5.0,-2.646970510482788,0.1295955330133438,6
477,6.0,-2.893643856048584,0.16850776970386505,7
478,7.0,-2.577111005783081,0.12778602540493011,8
479,6.0,-2.718823194503784,0.13778056204319,7
480,6.0,-2.588127851486206,0.11954379826784134,7
481,6.0,-2.6969690322875977,0.13930976390838623,7
482,5.0,-2.528069257736206,0.11252695322036743,6
483,7.0,-2.893620491027832,0.0910193994641304,8
484,6.0,-2.643113374710083,0.11084100604057312,7
485,6.0,-2.655580520629883,0.14040100574493408,7
486,5.0,-2.415823459625244,0.13552357256412506,6
487,5.0,-2.4660215377807617,0.1332373321056366,6
488,6.0,-2.7324378490448,0.12990179657936096,7
489,6.0,-2.7805919647216797,0.12195774167776108,7
490,5.0,-2.387824058532715,0.160791277885437,6
491,6.0,-2.5630710124969482,0.13816657662391663,7
492,5.0,-2.3188560009002686,0.15460890531539917,6
493,6.0,-2.8964908123016357,0.12275121361017227,7
494,5.0,-2.630725622177124,0.15441228449344635,6
495,5.0,-2.5605249404907227,0.15011246502399445,6
496,6.0,-2.692880868911743,0.08670482784509659,7
497,6.0,-2.5926995277404785,0.12937183678150177,7
498,5.0,-2.6959755420684814,0.15824122726917267,6
499,6.0,-2.6617891788482666,0.11570330709218979,7
500,6.0,-2.4853415489196777,0.08999229222536087,7
