obs_1,obs_2,obs_3,obs_4,act_1,reward,new_obs_1,new_obs_2,new_obs_3,new_obs_4,done
0.08868457348852166,0.2104106639412348,-0.041498323376224736,-0.3142769173992612,0.49026474356651306,1.0,0.09289278676734636,0.4979491586680356,-0.04778386172420996,-0.7574103385163744,False
0.09289278676734636,0.4979491586680356,-0.04778386172420996,-0.7574103385163744,-0.6245328783988953,1.0,0.10285176994070708,0.13308736285536993,-0.06293206849453745,-0.22478545174682552,False
0.10285176994070708,0.13308736285536993,-0.06293206849453745,-0.22478545174682552,-0.16944079101085663,1.0,0.10551351719781447,0.034828003078510195,-0.06742777752947396,-0.09617799672324434,False
0.10551351719781447,0.034828003078510195,-0.06742777752947396,-0.09617799672324434,-0.5135682225227356,1.0,0.10621007725938468,-0.2647343165160346,-0.06935133746393884,0.3323356498595786,False
0.10621007725938468,-0.2647343165160346,-0.06935133746393884,0.3323356498595786,0.8223106265068054,1.0,0.10091539092906399,0.21743277854887827,-0.06270462446674727,-0.40954936674753767,False
0.10091539092906399,0.21743277854887827,-0.06270462446674727,-0.40954936674753767,-0.5674539804458618,1.0,0.10526404650004155,-0.11375358188866352,-0.07089561180169802,0.06783077640558871,False
0.10526404650004155,-0.11375358188866352,-0.07089561180169802,0.06783077640558871,-0.47448626160621643,1.0,0.10298897486226828,-0.3903870449859511,-0.06953899627358626,0.4609127451015045,False
0.10298897486226828,-0.3903870449859511,-0.06953899627358626,0.4609127451015045,0.9313315153121948,1.0,0.09518123396254925,0.15556943615104246,-0.060320741371556165,-0.3764707162952242,False
0.09518123396254925,0.15556943615104246,-0.060320741371556165,-0.3764707162952242,-0.5837130546569824,1.0,0.0982926226855701,-0.18517099108993845,-0.06785015569746065,0.115986799703089,False
0.0982926226855701,-0.18517099108993845,-0.06785015569746065,0.115986799703089,0.0598471574485302,1.0,0.09458920286377133,-0.14918141625845352,-0.06553041970339887,0.04219400841535351,False
0.09458920286377133,-0.14918141625845352,-0.06553041970339887,0.04219400841535351,-0.44383689761161804,1.0,0.09160557453860226,-0.4079701822078067,-0.0646865395350918,0.4102918229478917,False
0.09160557453860226,-0.4079701822078067,-0.0646865395350918,0.4102918229478917,-0.2751563489437103,1.0,0.08344617089444611,-0.5680738647578889,-0.05648070307613397,0.6309404922411942,False
0.08344617089444611,-0.5680738647578889,-0.05648070307613397,0.6309404922411942,0.8974260687828064,1.0,0.07208469359928833,-0.04208756275057546,-0.04386189323131008,-0.17337734492916357,False
0.07208469359928833,-0.04208756275057546,-0.04386189323131008,-0.17337734492916357,-0.8693323135375977,1.0,0.07124294234427682,-0.5502665724019199,-0.04732944012989335,0.5752667738079806,False
0.07124294234427682,-0.5502665724019199,-0.04732944012989335,0.5752667738079806,0.7863809466362,1.0,0.06023761089623842,-0.08935902318821765,-0.03582410465373374,-0.12923000455594646,False
0.06023761089623842,-0.08935902318821765,-0.03582410465373374,-0.12923000455594646,-0.8925385475158691,1.0,0.05845043043247407,-0.6112588769359601,-0.038408704744852674,0.642587454090527,False
0.05845043043247407,-0.6112588769359601,-0.038408704744852674,0.642587454090527,0.47174087166786194,1.0,0.04622525289375486,-0.3346128999467651,-0.025556955663042134,0.21663515504218334,False
0.04622525289375486,-0.3346128999467651,-0.025556955663042134,0.21663515504218334,0.5350469350814819,1.0,0.03953299489481956,-0.021064481364260534,-0.021224252562198467,-0.26104681075013786,False
0.03953299489481956,-0.021064481364260534,-0.021224252562198467,-0.26104681075013786,-0.9052307605743408,1.0,0.03911170526753435,-0.5506353211636286,-0.026445188777201225,0.5268910774897515,False
0.03911170526753435,-0.5506353211636286,-0.026445188777201225,0.5268910774897515,0.41501015424728394,1.0,0.02809899884426178,-0.3073430705027065,-0.015907367227406197,0.154306324217934,False
0.02809899884426178,-0.3073430705027065,-0.015907367227406197,0.154306324217934,0.26823803782463074,1.0,0.02195213743420765,-0.150100866736868,-0.012821240743047517,-0.08620370885293907,False
0.02195213743420765,-0.150100866736868,-0.012821240743047517,-0.08620370885293907,-0.4113744795322418,1.0,0.018950120099470287,-0.390718783845034,-0.014545314920106299,0.2709241603688306,False
0.018950120099470287,-0.390718783845034,-0.014545314920106299,0.2709241603688306,0.18241502344608307,1.0,0.011135744422569607,-0.28373338385825053,-0.009126831712729686,0.106186864158586,False
0.011135744422569607,-0.28373338385825053,-0.009126831712729686,0.106186864158586,-0.7087705135345459,1.0,0.005461076745404596,-0.6984901282123854,-0.007003094429557966,0.7256128179642236,False
0.005461076745404596,-0.6984901282123854,-0.007003094429557966,0.7256128179642236,0.8089433312416077,1.0,-0.008508725818843113,-0.22486719007056233,0.007509161929726507,0.013136938782360441,False
-0.008508725818843113,-0.22486719007056233,0.007509161929726507,0.013136938782360441,-0.2996906340122223,1.0,-0.01300606962025436,-0.400402816709525,0.007771900705373716,0.27864062812230306,False
-0.01300606962025436,-0.400402816709525,0.007771900705373716,0.27864062812230306,0.6966747045516968,1.0,-0.021014125954444858,0.007294097334981264,0.013344713267819778,-0.33060135781615296,False
-0.021014125954444858,0.007294097334981264,0.013344713267819778,-0.33060135781615296,-0.7117438912391663,1.0,-0.020868244007745233,-0.4095209792975291,0.006732686111496719,0.2984888169641384,False
-0.020868244007745233,-0.4095209792975291,0.006732686111496719,0.2984888169641384,0.40322625637054443,1.0,-0.029058663593695813,-0.17358284849427016,0.012702462450779488,-0.05343096336769798,False
-0.029058663593695813,-0.17358284849427016,0.012702462450779488,-0.05343096336769798,-0.6802915334701538,1.0,-0.03253032056358122,-0.5719796963140148,0.011633843183425528,0.5478505207811784,False
-0.03253032056358122,-0.5719796963140148,0.011633843183425528,0.5478505207811784,-0.05485500395298004,1.0,-0.04396991448986151,-0.6042530476697524,0.022590853599049096,0.5996775445337005,False
-0.04396991448986151,-0.6042530476697524,0.022590853599049096,0.5996775445337005,0.8199271559715271,1.0,-0.05605497544325656,-0.12462954587448061,0.03458440448972311,-0.11293298923176853,False
-0.05605497544325656,-0.12462954587448061,0.03458440448972311,-0.11293298923176853,-0.26994284987449646,1.0,-0.05854756636074618,-0.2831261721610123,0.032325744705087735,0.1348355713820908,False
-0.05854756636074618,-0.2831261721610123,0.032325744705087735,0.1348355713820908,-0.13146287202835083,1.0,-0.06421008980396642,-0.36053683403476683,0.03502245613272955,0.26039301541644455,False
-0.06421008980396642,-0.36053683403476683,0.03502245613272955,0.26039301541644455,0.509226381778717,1.0,-0.07142082648466176,-0.06297933935968475,0.04023031644105844,-0.17537502539835942,False
-0.07142082648466176,-0.06297933935968475,0.04023031644105844,-0.17537502539835942,-0.6135944724082947,1.0,-0.07268041327185545,-0.4226891481998527,0.036722815933091256,0.3755776326518731,False
-0.07268041327185545,-0.4226891481998527,0.036722815933091256,0.3755776326518731,0.596762478351593,1.0,-0.08113419623585251,-0.07392030307304631,0.04423436858612872,-0.13642884011547945,False
-0.08113419623585251,-0.07392030307304631,0.04423436858612872,-0.13642884011547945,-0.41418859362602234,1.0,-0.08261260229731343,-0.31697014299025583,0.04150579178381913,0.24078996366844957,False
-0.08261260229731343,-0.31697014299025583,0.04150579178381913,0.24078996366844957,0.22774378955364227,1.0,-0.08895200515711854,-0.18426564672114729,0.04632159105718812,0.05410385466294748,False
-0.08895200515711854,-0.18426564672114729,0.04632159105718812,0.05410385466294748,0.5455496907234192,1.0,-0.09263731809154149,0.13436728627274988,0.04740366815044707,-0.4097191928356419,False
-0.09263731809154149,0.13436728627274988,0.04740366815044707,-0.4097191928356419,-0.411592036485672,1.0,-0.0899499723660865,-0.10719600815516714,0.03920928429373423,-0.03384982954144711,False
-0.0899499723660865,-0.10719600815516714,0.03920928429373423,-0.03384982954144711,0.3387020230293274,1.0,-0.09209389252918984,0.09048466637131278,0.03853228770290529,-0.31861836344352945,False
-0.09209389252918984,0.09048466637131278,0.03853228770290529,-0.31861836344352945,-0.2799573540687561,1.0,-0.09028419920176359,-0.0739232040763351,0.0321599204340347,-0.06086392249476935,False
-0.09028419920176359,-0.0739232040763351,0.0321599204340347,-0.06086392249476935,0.1104080006480217,1.0,-0.09176266328329029,-0.009759770752315156,0.03094264198413931,-0.14760591862585276,False
-0.09176266328329029,-0.009759770752315156,0.03094264198413931,-0.14760591862585276,0.23836533725261688,1.0,-0.09195785869833659,0.1293185960985117,0.027990523611622256,-0.34702792159503476,False
-0.09195785869833659,0.1293185960985117,0.027990523611622256,-0.34702792159503476,0.5919966101646423,1.0,-0.08937148677636635,0.47543543327577337,0.02104996517972156,-0.8577716722451447,False
-0.08937148677636635,0.47543543327577337,0.02104996517972156,-0.8577716722451447,-0.6115056276321411,1.0,-0.07986277811085088,0.11720584332681289,0.0038945317348186674,-0.31435809911502377,False
-0.07986277811085088,0.11720584332681289,0.0038945317348186674,-0.31435809911502377,-0.22915808856487274,1.0,-0.07751866124431463,-0.0169908051228157,-0.0023926302474818082,-0.11191966356144731,False
-0.07751866124431463,-0.0169908051228157,-0.0023926302474818082,-0.11191966356144731,-0.1727478802204132,1.0,-0.07785847734677094,-0.11807718870376392,-0.004631023518710755,0.03900604517321632,False
-0.07785847734677094,-0.11807718870376392,-0.004631023518710755,0.03900604517321632,0.454245388507843,1.0,-0.08022002112084622,0.14788854137827456,-0.0038509026152464283,-0.3612997880040253,False
-0.08022002112084622,0.14788854137827456,-0.0038509026152464283,-0.3612997880040253,-0.3983396291732788,1.0,-0.07726225029328074,-0.08523088613886223,-0.011076898375326934,-0.012755402070605881,False
-0.07726225029328074,-0.08523088613886223,-0.011076898375326934,-0.012755402070605881,-0.4236409664154053,1.0,-0.07896686801605798,-0.3330547730670275,-0.011332006416739052,0.35570108146690627,False
-0.07896686801605798,-0.3330547730670275,-0.011332006416739052,0.35570108146690627,0.7062228918075562,1.0,-0.08562796347739854,0.08050121207179961,-0.004217984787400926,-0.2679246053518174,False
-0.08562796347739854,0.08050121207179961,-0.004217984787400926,-0.2679246053518174,-0.567499577999115,1.0,-0.08401793923596254,-0.251633034520859,-0.009576476894437275,0.22903224884454337,False
-0.08401793923596254,-0.251633034520859,-0.009576476894437275,0.22903224884454337,0.7455496788024902,1.0,-0.08905059992637972,0.18492020250992292,-0.004995831917546407,-0.4285830212380551,False
-0.08905059992637972,0.18492020250992292,-0.004995831917546407,-0.4285830212380551,-0.12986412644386292,1.0,-0.08535219587618126,0.10897306705208032,-0.01356749234230751,-0.31613250815803057,False
-0.08535219587618126,0.10897306705208032,-0.01356749234230751,-0.31613250815803057,-0.9082610011100769,1.0,-0.08317273453513965,-0.42249152033223436,-0.019890142505468122,0.4770022809250541,False
-0.08317273453513965,-0.42249152033223436,-0.019890142505468122,0.4770022809250541,0.769855260848999,1.0,-0.09162256494178433,0.02842317399987887,-0.01035009688696704,-0.20508328891338573,False
-0.09162256494178433,0.02842317399987887,-0.01035009688696704,-0.20508328891338573,-0.6910871267318726,1.0,-0.09105410146178676,-0.37596446201773087,-0.014451762665234754,0.39842280137753344,False
-0.09105410146178676,-0.37596446201773087,-0.014451762665234754,0.39842280137753344,0.7898728847503662,1.0,-0.09857339070214138,0.08659807759275828,-0.0064833066376840855,-0.2995972237930062,False
-0.09857339070214138,0.08659807759275828,-0.0064833066376840855,-0.2995972237930062,-0.38085103034973145,1.0,-0.09684142915028622,-0.13624601576884737,-0.012475251113544208,0.03275581232709979,False
-0.09684142915028622,-0.13624601576884737,-0.012475251113544208,0.03275581232709979,0.28232091665267944,1.0,-0.09956634946566317,0.029192006488992228,-0.011820134867002213,-0.21904953942832267,False
-0.09956634946566317,0.029192006488992228,-0.011820134867002213,-0.21904953942832267,-0.8454638123512268,1.0,-0.09898250933588333,-0.4655396333871812,-0.016201125655568666,0.5195210409678774,False
-0.09898250933588333,-0.4655396333871812,-0.016201125655568666,0.5195210409678774,0.667438805103302,1.0,-0.10829330200362695,-0.0746232132828431,-0.005810704836211116,-0.07153955867677442,False
-0.10829330200362695,-0.0746232132828431,-0.005810704836211116,-0.07153955867677442,-0.6051600575447083,1.0,-0.10978576626928381,-0.4287790688930005,-0.007241496009746605,0.4579769187894108,False
-0.10978576626928381,-0.4287790688930005,-0.007241496009746605,0.4579769187894108,0.845604658126831,1.0,-0.11836134764714382,0.06630949226337224,0.001918042366041612,-0.2867654326899626,False
-0.11836134764714382,0.06630949226337224,0.001918042366041612,-0.2867654326899626,-0.342730313539505,1.0,-0.11703515780187637,-0.1343404298691022,-0.0038172662877576395,0.014772800992558344,False
-0.11703515780187637,-0.1343404298691022,-0.0038172662877576395,0.014772800992558344,-0.0860680565237999,1.0,-0.11972196639925842,-0.18466693375032617,-0.0035218102679064724,0.08913973325168952,False
-0.11972196639925842,-0.18466693375032617,-0.0035218102679064724,0.08913973325168952,-0.03572990372776985,1.0,-0.12341530507426494,-0.20553150021742467,-0.0017390156028726821,0.1194009787844446,False
-0.12341530507426494,-0.20553150021742467,-0.0017390156028726821,0.1194009787844446,-0.25007152557373047,1.0,-0.12752593507861343,-0.35188988408363897,0.0006490039728162097,0.33842695229424696,False
-0.12752593507861343,-0.35188988408363897,0.0006490039728162097,0.33842695229424696,-0.041646458208560944,1.0,-0.13456373276028621,-0.37627753303798306,0.0074175430187011495,0.3751992251762055,False
-0.13456373276028621,-0.37627753303798306,0.0074175430187011495,0.3751992251762055,0.6335368752479553,1.0,-0.14208928342104588,-0.005533527563494289,0.01492152752222526,-0.17872074671971094,False
-0.14208928342104588,-0.005533527563494289,0.01492152752222526,-0.17872074671971094,-0.5050269365310669,1.0,-0.14219995397231577,-0.30136773193896205,0.01134711258783104,0.2693679260060417,False
-0.14219995397231577,-0.30136773193896205,0.01134711258783104,0.2693679260060417,-0.3087286353111267,1.0,-0.148227308611095,-0.48224714605541485,0.016734471107951874,0.5440055597662827,False
-0.148227308611095,-0.48224714605541485,0.016734471107951874,0.5440055597662827,0.949593722820282,1.0,-0.1578722515322033,0.07336608958610091,0.027614582303277527,-0.28437789504280586,False
-0.1578722515322033,0.07336608958610091,0.027614582303277527,-0.28437789504280586,-0.1781795620918274,1.0,-0.15640492974048129,-0.031321955791680525,0.02192702440242141,-0.11928804136465121,False
-0.15640492974048129,-0.031321955791680525,0.02192702440242141,-0.11928804136465121,0.12780576944351196,1.0,-0.15703136885631488,0.043174496716793215,0.019541263575128386,-0.22455982948621106,False
-0.15703136885631488,0.043174496716793215,0.019541263575128386,-0.22455982948621106,-0.3558811843395233,1.0,-0.15616787892197903,-0.16541958662339712,0.015050066985404165,0.09401632282676053,False
-0.15616787892197903,-0.16541958662339712,0.015050066985404165,0.09401632282676053,0.6509749293327332,1.0,-0.15947627065444697,0.21541691966304238,0.016930393441939376,-0.47274918927347287,False
-0.15947627065444697,0.21541691966304238,0.016930393441939376,-0.47274918927347287,-0.3348061442375183,1.0,-0.15516793226118614,0.019197881361126434,0.007475409656469919,-0.1734855158368741,False
-0.15516793226118614,0.019197881361126434,0.007475409656469919,-0.1734855158368741,0.4874877333641052,1.0,-0.1547839746339636,0.30444840338765944,0.004005699339732436,-0.5991515937388276,False
-0.1547839746339636,0.30444840338765944,0.004005699339732436,-0.5991515937388276,-0.8131995797157288,1.0,-0.1486950065662104,-0.17162634792103992,-0.007977332535044117,0.1161324764998578,False
-0.1486950065662104,-0.17162634792103992,-0.007977332535044117,0.1161324764998578,0.44101741909980774,1.0,-0.1521275335246312,0.08664328430639462,-0.00565468300504696,-0.273604956006639,False
-0.1521275335246312,0.08664328430639462,-0.00565468300504696,-0.273604956006639,-0.7728404998779297,1.0,-0.1503946678385033,-0.36566941467724073,-0.01112678212517974,0.40319077738082004,False
-0.1503946678385033,-0.36566941467724073,-0.01112678212517974,0.40319077738082004,0.5627439618110657,1.0,-0.1577080561320481,-0.03610350394855932,-0.0030629665775633395,-0.09439869397296952,False
-0.1577080561320481,-0.03610350394855932,-0.0030629665775633395,-0.09439869397296952,0.545630931854248,1.0,-0.1584301262110193,0.2833338934948091,-0.00495094045702273,-0.5744530532407504,False
-0.1584301262110193,0.2833338934948091,-0.00495094045702273,-0.5744530532407504,-0.5060024857521057,1.0,-0.1527634483411231,-0.012792743783892335,-0.016440001521837735,-0.13172411180969523,False
-0.1527634483411231,-0.012792743783892335,-0.016440001521837735,-0.13172411180969523,-0.7131381630897522,1.0,-0.15301930321680093,-0.4299957705673571,-0.01907448375803164,0.48916271830287883,False
-0.15301930321680093,-0.4299957705673571,-0.01907448375803164,0.48916271830287883,-0.3972119987010956,1.0,-0.16161921862814807,-0.6622348922097181,-0.009291229391974064,0.8318504718132188,False
-0.16161921862814807,-0.6622348922097181,-0.009291229391974064,0.8318504718132188,0.873372495174408,1.0,-0.17486391647234242,-0.150868716255684,0.007345780044290312,0.06210273401394517,False
-0.17486391647234242,-0.150868716255684,0.007345780044290312,0.06210273401394517,0.030723659321665764,1.0,-0.1778812907974561,-0.132989523587404,0.008587834724569216,0.03744430849605821,False
-0.1778812907974561,-0.132989523587404,0.008587834724569216,0.03744430849605821,-0.18272662162780762,1.0,-0.18054108126920418,-0.24007401490041938,0.00933672089449038,0.20058991469282372,False
-0.18054108126920418,-0.24007401490041938,0.00933672089449038,0.20058991469282372,0.38462790846824646,1.0,-0.18534256156721257,-0.015060934100589396,0.013348519188346855,-0.13417003902486185,False
-0.18534256156721257,-0.015060934100589396,0.013348519188346855,-0.13417003902486185,0.5540056824684143,1.0,-0.18564378024922437,0.3090396697155686,0.010665118407849618,-0.616353285390467,False
-0.18564378024922437,0.3090396697155686,0.010665118407849618,-0.616353285390467,-0.7548874020576477,1.0,-0.179462986854913,-0.13299094913387804,-0.0016619472999597207,0.04979041961452879,False
-0.179462986854913,-0.13299094913387804,-0.0016619472999597207,0.04979041961452879,0.6349722743034363,1.0,-0.18212280583759055,0.2387238938316822,-0.0006661389076691449,-0.5082696870887613,False
-0.18212280583759055,0.2387238938316822,-0.0006661389076691449,-0.5082696870887613,-0.8968026041984558,1.0,-0.1773483279609569,-0.2862243255814691,-0.010831532649444371,0.278956622500798,False
-0.1773483279609569,-0.2862243255814691,-0.010831532649444371,0.278956622500798,0.7420241236686707,1.0,-0.18307281447258628,0.14828203469048173,-0.005252400199428411,-0.37594909371325946,False
-0.18307281447258628,0.14828203469048173,-0.005252400199428411,-0.37594909371325946,-0.850139856338501,1.0,-0.18010717377877664,-0.3492852021905505,-0.012771382073693601,0.36884726801882073,False
-0.18010717377877664,-0.3492852021905505,-0.012771382073693601,0.36884726801882073,0.38347935676574707,1.0,-0.18709287782258766,-0.12463071691285918,-0.005394436713317186,0.028138337712527994,False
-0.18709287782258766,-0.12463071691285918,-0.005394436713317186,0.028138337712527994,0.7584161162376404,1.0,-0.18958549216084483,0.31939659340356064,-0.004831669959066627,-0.6394788936088664,False
-0.18958549216084483,0.31939659340356064,-0.004831669959066627,-0.6394788936088664,-0.7143694758415222,1.0,-0.18319756029277362,-0.09870282596183866,-0.017621247831243955,-0.013757590396575092,False
-0.18319756029277362,-0.09870282596183866,-0.017621247831243955,-0.013757590396575092,0.22950726747512817,1.0,-0.1851716168120104,0.03589249279596102,-0.017896399639175456,-0.2207996033748789,False
-0.1851716168120104,0.03589249279596102,-0.017896399639175456,-0.2207996033748789,-0.6025502681732178,1.0,-0.18445376695609117,-0.31655584589451313,-0.022312391706673033,0.30252698437258896,False
-0.18445376695609117,-0.31655584589451313,-0.022312391706673033,0.30252698437258896,0.726952314376831,1.0,-0.19078488387398143,0.10927960066368853,-0.016261852019221253,-0.34262649160031344,False
-0.19078488387398143,0.10927960066368853,-0.016261852019221253,-0.34262649160031344,-0.4335966408252716,1.0,-0.18859929186070767,-0.14429684564562245,-0.023114381851227522,0.03290711188976653,False
-0.18859929186070767,-0.14429684564562245,-0.023114381851227522,0.03290711188976653,-0.8199964761734009,1.0,-0.19148522877362012,-0.6239446836717255,-0.022456239613432193,0.7453916565675258,False
-0.19148522877362012,-0.6239446836717255,-0.022456239613432193,0.7453916565675258,0.6846001148223877,1.0,-0.20396412244705464,-0.22290817276312375,-0.007548406482081677,0.1373869810909123,False
-0.20396412244705464,-0.22290817276312375,-0.007548406482081677,0.1373869810909123,0.32054832577705383,1.0,-0.20842228590231712,-0.035162799048228,-0.004800666860263431,-0.14644226687165102,False
-0.20842228590231712,-0.035162799048228,-0.004800666860263431,-0.14644226687165102,-0.7089885473251343,1.0,-0.2091255418832817,-0.4501110384664856,-0.007729512197696452,0.4745615293358078,False
-0.2091255418832817,-0.4501110384664856,-0.007729512197696452,0.4745615293358078,0.678788959980011,1.0,-0.2181277626526114,-0.05266374708189431,0.0017617183890197043,-0.1238640525643408,False
-0.2181277626526114,-0.05266374708189431,0.0017617183890197043,-0.1238640525643408,-0.3654649555683136,1.0,-0.2191810375942493,-0.2666196433898228,-0.0007155626622671117,0.19758723880269918,False
-0.2191810375942493,-0.2666196433898228,-0.0007155626622671117,0.19758723880269918,-0.1013808622956276,1.0,-0.22451343046204578,-0.32595430121160346,0.0032361821137868716,0.28637882734477743,False
-0.22451343046204578,-0.32595430121160346,0.0032361821137868716,0.28637882734477743,0.4575175642967224,1.0,-0.23103251648627784,-0.05818549914462451,0.00896375866068242,-0.11432083664495762,False
-0.23103251648627784,-0.05818549914462451,0.00896375866068242,-0.11432083664495762,0.20101304352283478,1.0,-0.23219622646917035,0.05935154942903535,0.0066773419277832684,-0.2879840168121675,False
-0.23219622646917035,0.05935154942903535,0.0066773419277832684,-0.2879840168121675,-0.033814527094364166,1.0,-0.23100919548058965,0.039462525061038936,0.0009176615915399179,-0.2561880214116603,False
-0.23100919548058965,0.039462525061038936,0.0009176615915399179,-0.2561880214116603,-0.44616568088531494,1.0,-0.23021994497936887,-0.22172071535364035,-0.0042060988366932886,0.1358564667230645,False
-0.23021994497936887,-0.22172071535364035,-0.0042060988366932886,0.1358564667230645,-0.17657041549682617,1.0,-0.23465435928644168,-0.3250186284722334,-0.0014889695022319983,0.2895653763878794,False
-0.23465435928644168,-0.3250186284722334,-0.0014889695022319983,0.2895653763878794,0.49059799313545227,1.0,-0.24115473185588635,-0.03781812983955285,0.00430233802552559,-0.14167265088400288,False
-0.24115473185588635,-0.03781812983955285,0.00430233802552559,-0.14167265088400288,-0.6683891415596008,1.0,-0.2419110944526774,-0.4291313970894486,0.001468885007845532,0.4465567010370817,False
-0.2419110944526774,-0.4291313970894486,0.001468885007845532,0.4465567010370817,0.76555997133255,1.0,-0.2504937223944664,0.018980418150832845,0.010400019028587167,-0.22517844464413478,False
-0.2504937223944664,0.018980418150832845,0.010400019028587167,-0.22517844464413478,-0.7982495427131653,1.0,-0.25011411403144973,-0.4484325340698273,0.005896450135704471,0.4789606178272416,False
-0.25011411403144973,-0.4484325340698273,0.005896450135704471,0.4789606178272416,0.8143723011016846,1.0,-0.2590827647128463,0.028188748547262554,0.015475662492249303,-0.23422533141894125,False
-0.2590827647128463,0.028188748547262554,0.015475662492249303,-0.23422533141894125,0.3365491032600403,1.0,-0.2585189897419011,0.2249685736242651,0.010791155863870479,-0.5248100605718184,False
-0.2585189897419011,0.2249685736242651,0.010791155863870479,-0.5248100605718184,-0.7257365584373474,1.0,-0.25401961826941577,-0.20000105489490055,0.00029495465243411026,0.11577980533655963,False
-0.25401961826941577,-0.20000105489490055,0.00029495465243411026,0.11577980533655963,-0.4538056254386902,1.0,-0.25801963936731376,-0.4656475967575235,0.0026105507591653028,0.5143363174639648,False
-0.25801963936731376,-0.4656475967575235,0.0026105507591653028,0.5143363174639648,0.34674760699272156,1.0,-0.26733259130246423,-0.26271025417486754,0.0128972771084446,0.21069884190056326,False
-0.26733259130246423,-0.26271025417486754,0.0128972771084446,0.21069884190056326,0.2446988821029663,1.0,-0.27258679638596156,-0.11965801192023037,0.017111253946455865,-6.998092279136836e-05,False
-0.27258679638596156,-0.11965801192023037,0.017111253946455865,-6.998092279136836e-05,-0.2713816463947296,1.0,-0.2749799566243662,-0.27875750533426213,0.017109854328000038,0.24357478556664697,False
-0.2749799566243662,-0.27875750533426213,0.017109854328000038,0.24357478556664697,0.8606360554695129,1.0,-0.28055510673105144,0.2247743269383864,0.021981350039332978,-0.5065823581790554,False
-0.28055510673105144,0.2247743269383864,0.021981350039332978,-0.5065823581790554,-0.7889387607574463,1.0,-0.2760596201922837,-0.23733678934654417,0.01184970287575187,0.19287885743893396,False
-0.2760596201922837,-0.23733678934654417,0.01184970287575187,0.19287885743893396,-0.23068057000637054,1.0,-0.28080635597921455,-0.37253742520252275,0.01570728002453055,0.3991493043109293,False
-0.28080635597921455,-0.37253742520252275,0.01570728002453055,0.3991493043109293,0.8681734204292297,1.0,-0.288257104483265,0.1354296938234396,0.023690266110749134,-0.35808963199983224,False
-0.288257104483265,0.1354296938234396,0.023690266110749134,-0.35808963199983224,0.14130043983459473,1.0,-0.28554851060679626,0.21780210178831977,0.016528473470752487,-0.47464928648099003,False
-0.28554851060679626,0.21780210178831977,0.016528473470752487,-0.47464928648099003,-0.7532621026039124,1.0,-0.28119246857102986,-0.22335636076185755,0.0070354877411326865,0.1918571691455635,False
-0.28119246857102986,-0.22335636076185755,0.0070354877411326865,0.1918571691455635,0.6005777716636658,1.0,-0.28565959578626704,0.12809944314230443,0.010872631124043956,-0.33324507313981067,False
-0.28565959578626704,0.12809944314230443,0.010872631124043956,-0.33324507313981067,-0.7824587225914001,1.0,-0.28309760692342095,-0.33007595118011546,0.004207729661247743,0.35717388721870413,False
-0.28309760692342095,-0.33007595118011546,0.004207729661247743,0.35717388721870413,0.4327930510044098,1.0,-0.28969912594702324,-0.07679382613251662,0.011351207405621826,-0.021508868219729027,False
-0.28969912594702324,-0.07679382613251662,0.011351207405621826,-0.021508868219729027,0.3859533369541168,1.0,-0.2912350024696736,0.1489651762330677,0.010921030041227246,-0.35678837192186896,False
-0.2912350024696736,0.1489651762330677,0.010921030041227246,-0.35678837192186896,0.22410948574543,1.0,-0.28825569894501224,0.2799948184104114,0.003785262602789866,-0.5501103954756096,False
-0.28825569894501224,0.2799948184104114,0.003785262602789866,-0.5501103954756096,-0.4808962941169739,1.0,-0.282655802576804,-0.0015583242627230653,-0.007216945306722325,-0.12667084252968291,False
-0.282655802576804,-0.0015583242627230653,-0.007216945306722325,-0.12667084252968291,0.5409055948257446,1.0,-0.2826869690620585,0.3151715189390785,-0.009750362157315983,-0.6038749983986983,False
-0.2826869690620585,0.3151715189390785,-0.009750362157315983,-0.6038749983986983,-0.5372558236122131,1.0,-0.2763835386832769,0.0008188485434584281,-0.02182786212528995,-0.13523496770905363,False
-0.2763835386832769,0.0008188485434584281,-0.02182786212528995,-0.13523496770905363,-0.08545918762683868,1.0,-0.27636716171240777,-0.048891754378873255,-0.02453256147947102,-0.06710370816697982,False
-0.27636716171240777,-0.048891754378873255,-0.02453256147947102,-0.06710370816697982,-0.2100038081407547,1.0,-0.27734499679998526,-0.17146383219006275,-0.025874635642810617,0.10948723451624247,False
-0.27734499679998526,-0.17146383219006275,-0.025874635642810617,0.10948723451624247,0.34020859003067017,1.0,-0.2807742734437865,0.02804350030284619,-0.023684890952485767,-0.197279886757186,False
-0.2807742734437865,0.02804350030284619,-0.023684890952485767,-0.197279886757186,-0.5809117555618286,1.0,-0.2802134034377296,-0.3116498149026619,-0.027630488687629486,0.3051544664641981,False
-0.2802134034377296,-0.3116498149026619,-0.027630488687629486,0.3051544664641981,0.6075326204299927,1.0,-0.28644639973578284,0.0443527043521747,-0.021527399358345523,-0.2367678145125438,False
-0.28644639973578284,0.0443527043521747,-0.021527399358345523,-0.2367678145125438,-0.6028664112091064,1.0,-0.28555934564873936,-0.3082252914583966,-0.026262755648596398,0.28564807122704394,False
-0.28555934564873936,-0.3082252914583966,-0.026262755648596398,0.28564807122704394,0.34593120217323303,1.0,-0.2917238514779073,-0.10536483085925752,-0.02054979422405552,-0.02625804873092802,False
-0.2917238514779073,-0.10536483085925752,-0.02054979422405552,-0.02625804873092802,-0.24335598945617676,1.0,-0.2938311480950925,-0.24751810817801004,-0.02107495519867408,0.18088563168384686,False
-0.2938311480950925,-0.24751810817801004,-0.02107495519867408,0.18088563168384686,-0.5933355689048767,1.0,-0.2987815102586527,-0.5945237307757996,-0.017457242564997144,0.695082898802844,False
-0.2987815102586527,-0.5945237307757996,-0.017457242564997144,0.695082898802844,0.6231122016906738,1.0,-0.3106719848741687,-0.2295411795104793,-0.0035555845889402634,0.14256032393746276,False
-0.3106719848741687,-0.2295411795104793,-0.0035555845889402634,0.14256032393746276,-0.25563672184944153,1.0,-0.31526280846437826,-0.3791311276891601,-0.0007043781101910081,0.3658984881829086,False
-0.31526280846437826,-0.3791311276891601,-0.0007043781101910081,0.3658984881829086,-0.26862794160842896,1.0,-0.3228454310181615,-0.5363667365307999,0.006613591653467164,0.6015447557889378,False
-0.3228454310181615,-0.5363667365307999,0.006613591653467164,0.6015447557889378,-0.04043804481625557,1.0,-0.3335727657487775,-0.5601302221375647,0.018644486769245922,0.6391335864196425,False
-0.3335727657487775,-0.5601302221375647,0.018644486769245922,0.6391335864196425,0.4940495491027832,1.0,-0.34477537019152876,-0.2711977316679352,0.031427158497638774,0.21129133843264347,False
-0.34477537019152876,-0.2711977316679352,0.031427158497638774,0.21129133843264347,0.7832618951797485,1.0,-0.35019932482488747,0.18681490121469935,0.03565298526629165,-0.466150302349861,False
-0.35019932482488747,0.18681490121469935,0.03565298526629165,-0.466150302349861,-0.8462554812431335,1.0,-0.3464630268005935,-0.30901138985397586,0.026329979219294426,0.28759624471585943,False
-0.3464630268005935,-0.30901138985397586,0.026329979219294426,0.28759624471585943,0.6885271668434143,1.0,-0.352643254597673,0.09363317123432907,0.032081904113611615,-0.3084211341389034,False
-0.352643254597673,0.09363317123432907,0.032081904113611615,-0.3084211341389034,-0.3290594518184662,1.0,-0.3507705911729864,-0.09942926998152055,0.025913481430833548,-0.009546029564153569,False
-0.3507705911729864,-0.09942926998152055,0.025913481430833548,-0.009546029564153569,0.7071289420127869,1.0,-0.35275917657261685,0.31410808369857735,0.025722560839550476,-0.6220260904322035,False
-0.35275917657261685,0.31410808369857735,0.025722560839550476,-0.6220260904322035,-0.9094000458717346,1.0,-0.3464770148986453,-0.21855689581884508,0.013282039030906407,0.18426866399281394,False
-0.3464770148986453,-0.21855689581884508,0.013282039030906407,0.18426866399281394,0.5490103363990784,1.0,-0.3508481528150222,0.10262084132347637,0.016967412310762684,-0.29355064284177607,False
-0.3508481528150222,0.10262084132347637,0.016967412310762684,-0.29355064284177607,-0.29007038474082947,1.0,-0.3487957359885527,-0.067414739982944,0.011096399453927163,-0.033545804184239136,False
-0.3487957359885527,-0.067414739982944,0.011096399453927163,-0.033545804184239136,0.8160030245780945,1.0,-0.35014403078821155,0.41008215188507324,0.010425483370242381,-0.7464847722744099,False
-0.35014403078821155,0.41008215188507324,0.010425483370242381,-0.7464847722744099,-0.7020900845527649,1.0,-0.34194238775051006,-0.0010379784541333925,-0.004504212075245817,-0.12677305357754176,False
-0.34194238775051006,-0.0010379784541333925,-0.004504212075245817,-0.12677305357754176,-0.12754495441913605,1.0,-0.3419631473195927,-0.07563380334628969,-0.007039673146796653,-0.01620468515579504,False
-0.3419631473195927,-0.07563380334628969,-0.007039673146796653,-0.01620468515579504,0.12395094335079193,1.0,-0.3434758233865185,-0.0029764629640170737,-0.007363766849912553,-0.12725764204141388,False
-0.3434758233865185,-0.0029764629640170737,-0.007363766849912553,-0.12725764204141388,-0.06353189796209335,1.0,-0.3435353526457988,-0.04006023248271371,-0.009908919690740831,-0.07379842379702836,False
-0.3435353526457988,-0.04006023248271371,-0.009908919690740831,-0.07379842379702836,0.10064125806093216,1.0,-0.3443365572954531,0.01899334566360742,-0.011384888166681399,-0.16528761706162365,False
-0.3443365572954531,0.01899334566360742,-0.011384888166681399,-0.16528761706162365,0.2962312698364258,1.0,-0.34395669038218096,0.19255832818614552,-0.014690640507913872,-0.42896530328456944,False
-0.34395669038218096,0.19255832818614552,-0.014690640507913872,-0.42896530328456944,-0.8370669484138489,1.0,-0.34010552381845804,-0.29721632924513786,-0.02326994657360526,0.30129851582124406,False
-0.34010552381845804,-0.29721632924513786,-0.02326994657360526,0.30129851582124406,0.6240048408508301,1.0,-0.3460498504033608,0.0683718585330989,-0.01724397625718038,-0.2537760475585858,False
-0.3460498504033608,0.0683718585330989,-0.01724397625718038,-0.2537760475585858,-0.8732900023460388,1.0,-0.3446824132326988,-0.442565002070081,-0.022319497208352093,0.5074458212834225,False
-0.3446824132326988,-0.442565002070081,-0.022319497208352093,0.5074458212834225,0.6012396812438965,1.0,-0.35353371327410044,-0.09031827902042006,-0.012170580782683642,-0.02735404972297184,False
-0.35353371327410044,-0.09031827902042006,-0.012170580782683642,-0.02735404972297184,-0.0505293570458889,1.0,-0.35534007885450886,-0.11972160275762711,-0.012717661777143079,0.0131696070246229,False
-0.35534007885450886,-0.11972160275762711,-0.012717661777143079,0.0131696070246229,-0.08472441881895065,1.0,-0.3577345109096614,-0.16913343170631956,-0.012454269636650622,0.08354246489332956,False
-0.3577345109096614,-0.16913343170631956,-0.012454269636650622,0.08354246489332956,-0.21687011420726776,1.0,-0.3611171795437878,-0.29590184338489034,-0.01078342033878403,0.27001887480926745,False
-0.3611171795437878,-0.29590184338489034,-0.01078342033878403,0.27001887480926745,0.06488819420337677,1.0,-0.3670352164114856,-0.2577649636562407,-0.005383042842598681,0.20964661702504905,False
-0.3670352164114856,-0.2577649636562407,-0.005383042842598681,0.20964661702504905,0.28120654821395874,1.0,-0.3721905156846104,-0.09307963328371219,-0.0011901105020976997,-0.03896040641117357,False
-0.3721905156846104,-0.09307963328371219,-0.0011901105020976997,-0.03896040641117357,0.15161894261837006,1.0,-0.3740521083502847,-0.0043100245591709,-0.001969318630321171,-0.17246461760552512,False
-0.3740521083502847,-0.0043100245591709,-0.001969318630321171,-0.17246461760552512,-0.7351115942001343,1.0,-0.3741383088414681,-0.43459094263967335,-0.005418610982431673,0.47237652867084,False
-0.3741383088414681,-0.43459094263967335,-0.005418610982431673,0.47237652867084,0.6819372773170471,1.0,-0.38283012769426156,-0.03533247423673064,0.004028919590985128,-0.12809544571392506,False
-0.38283012769426156,-0.03533247423673064,0.004028919590985128,-0.12809544571392506,-0.08378748595714569,1.0,-0.38353677717899615,-0.08443646464031077,0.0014670106767066264,-0.053255558751595405,False
-0.38353677717899615,-0.08443646464031077,0.0014670106767066264,-0.053255558751595405,-0.18761256337165833,1.0,-0.38522550647180237,-0.1942794706487937,0.0004018995016747183,0.11194007394888617,False
-0.38522550647180237,-0.1942794706487937,0.0004018995016747183,0.11194007394888617,-0.6613346934318542,1.0,-0.38911109588477827,-0.5814079723613299,0.0026407009806524414,0.692750938070324,False
-0.38911109588477827,-0.5814079723613299,0.0026407009806524414,0.692750938070324,0.42769482731819153,1.0,-0.4007392553320049,-0.3310867873554705,0.01649571974205892,0.3180468349206333,False
-0.4007392553320049,-0.3310867873554705,0.01649571974205892,0.3180468349206333,0.3601909279823303,1.0,-0.4073609910791143,-0.1204824121683703,0.022856656440471586,0.007032773302751982,False
-0.4073609910791143,-0.1204824121683703,0.022856656440471586,0.007032773302751982,0.5466316342353821,1.0,-0.4097706393224817,0.1991571818718495,0.022997311906526624,-0.4655821101024589,False
-0.4097706393224817,0.1991571818718495,0.022997311906526624,-0.4655821101024589,-0.506610631942749,1.0,-0.4057874956850447,-0.09770873279156178,0.013685669704477446,-0.013640373197505384,False
-0.4057874956850447,-0.09770873279156178,0.013685669704477446,-0.013640373197505384,0.40522530674934387,1.0,-0.40774167034087594,0.13929683139009028,0.013412862240527339,-0.36509196577459363,False
-0.40774167034087594,0.13929683139009028,0.013412862240527339,-0.36509196577459363,-0.2619344890117645,1.0,-0.40495573371307414,-0.014219246475206754,0.006111022925035466,-0.1308952991231792,False
-0.40495573371307414,-0.014219246475206754,0.006111022925035466,-0.1308952991231792,0.08651755750179291,1.0,-0.40524011864257825,0.03633750260161287,0.0034931169425718813,-0.20493237716908222,False
-0.40524011864257825,0.03633750260161287,0.0034931169425718813,-0.20493237716908222,-0.5449479222297668,1.0,-0.404513368590546,-0.2827060711249966,-0.0006055306008097634,0.27465703802121866,False
-0.404513368590546,-0.2827060711249966,-0.0006055306008097634,0.27465703802121866,0.34081941843032837,1.0,-0.4101674900130459,-0.08319338703704945,0.00488761015961461,-0.024789959230378245,False
-0.4101674900130459,-0.08319338703704945,0.00488761015961461,-0.024789959230378245,0.5224723219871521,1.0,-0.41183135775378693,0.2225734438375875,0.004391810975007045,-0.481997775600834,False
-0.41183135775378693,0.2225734438375875,0.004391810975007045,-0.481997775600834,-0.7073577046394348,1.0,-0.4073798888770352,-0.1915510070851034,-0.005248144537009636,0.14047409834329594,False
-0.4073798888770352,-0.1915510070851034,-0.005248144537009636,0.14047409834329594,-0.05173661187291145,1.0,-0.41121090901873725,-0.2217606285215941,-0.0024386625701437173,0.18424495904033172,False
-0.41121090901873725,-0.2217606285215941,-0.0024386625701437173,0.18424495904033172,0.5590740442276001,1.0,-0.41564612158916914,0.10553697729936787,0.0012462366106629173,-0.3074169559292255,False
-0.41564612158916914,0.10553697729936787,0.0012462366106629173,-0.3074169559292255,-0.7190089225769043,1.0,-0.4135353820431818,-0.31536400455605407,-0.004902102507921593,0.3243004200448823,False
-0.4135353820431818,-0.31536400455605407,-0.004902102507921593,0.3243004200448823,0.2336752861738205,1.0,-0.4198426621343029,-0.17850891260526258,0.0015839058929760534,0.1175790362820478,False
-0.4198426621343029,-0.17850891260526258,0.0015839058929760534,0.1175790362820478,0.7363882660865784,1.0,-0.42341284038640814,0.25252486014556363,0.003935486618617009,-0.5285051436870045,False
-0.42341284038640814,0.25252486014556363,0.003935486618617009,-0.5285051436870045,-0.8095301985740662,1.0,-0.41836234318349685,-0.22140130613782066,-0.006634616255123081,0.18353563067848389,False
-0.41836234318349685,-0.22140130613782066,-0.006634616255123081,0.18353563067848389,-0.06797581911087036,1.0,-0.42279036930625324,-0.261096972390889,-0.0029639036415534032,0.24112725669715032,False
-0.42279036930625324,-0.261096972390889,-0.0029639036415534032,0.24112725669715032,0.36694392561912537,1.0,-0.42801230875407104,-0.04625832787889117,0.001858641492389603,-0.08200068099290739,False
-0.42801230875407104,-0.04625832787889117,0.001858641492389603,-0.08200068099290739,-0.14416095614433289,1.0,-0.4289374753116489,-0.13067185108390578,0.00021862787253145517,0.04516582539088418,False
-0.4289374753116489,-0.13067185108390578,0.00021862787253145517,0.04516582539088418,-0.03587949275970459,1.0,-0.431550912333327,-0.15167761592698237,0.0011219443803491386,0.07673874849648377,False
-0.431550912333327,-0.15167761592698237,0.0011219443803491386,0.07673874849648377,0.662247359752655,1.0,-0.4345844646518666,0.23596325557937242,0.002656719350278814,-0.5043923412245819,False
-0.4345844646518666,0.23596325557937242,0.002656719350278814,-0.5043923412245819,-0.18865172564983368,1.0,-0.4298651995402792,0.1254955925512335,-0.007431127474212824,-0.3379103568855132,False
-0.4298651995402792,0.1254955925512335,-0.007431127474212824,-0.3379103568855132,-0.7813019156455994,1.0,-0.4273552876892545,-0.3317442812612266,-0.014189334611923086,0.34574578539333944,False
-0.4273552876892545,-0.3317442812612266,-0.014189334611923086,0.34574578539333944,0.6086385846138,1.0,-0.43399017331447903,0.02472852592994257,-0.007274418904056297,-0.19308112225651652,False
-0.43399017331447903,0.02472852592994257,-0.007274418904056297,-0.19308112225651652,0.5593826174736023,1.0,-0.4334956027958802,0.3522747986525544,-0.011136041349186627,-0.6865261920770167,False
-0.4334956027958802,0.3522747986525544,-0.011136041349186627,-0.6865261920770167,-0.7326875329017639,1.0,-0.4264501068228291,-0.0764570009272117,-0.024866565190726962,-0.04674229651200745,False
-0.4264501068228291,-0.0764570009272117,-0.024866565190726962,-0.04674229651200745,0.10370047390460968,1.0,-0.42797924684137334,-0.015400623468328635,-0.02580141112096711,-0.14560856543970935,False
-0.42797924684137334,-0.015400623468328635,-0.02580141112096711,-0.14560856543970935,0.11675841361284256,1.0,-0.4282872593107399,0.0533117508600594,-0.028713582429761297,-0.25622759506172677,False
-0.4282872593107399,0.0533117508600594,-0.028713582429761297,-0.25622759506172677,-0.43991756439208984,1.0,-0.4272210242935387,-0.20377573509130492,-0.033838134330995834,0.12080404085151009,False
-0.4272210242935387,-0.20377573509130492,-0.033838134330995834,0.12080404085151009,-0.07634931057691574,1.0,-0.4312965389953648,-0.24797987603678018,-0.03142205351396563,0.17712578186328404,False
-0.4312965389953648,-0.24797987603678018,-0.03142205351396563,0.17712578186328404,-0.4815594255924225,1.0,-0.4362561365161004,-0.5293986158916895,-0.02787953787669995,0.5898089520462887,False
-0.4362561365161004,-0.5293986158916895,-0.02787953787669995,0.5898089520462887,0.043714895844459534,1.0,-0.4468441088339342,-0.5034207202215633,-0.016083358835774178,0.5426617290604061,False
-0.4468441088339342,-0.5034207202215633,-0.016083358835774178,0.5426617290604061,0.5115694403648376,1.0,-0.4569125232383655,-0.20374511105778143,-0.005230124254566055,0.08847814923183206,False
-0.4569125232383655,-0.20374511105778143,-0.005230124254566055,0.08847814923183206,-0.16772113740444183,1.0,-0.46098742545952115,-0.301848175153795,-0.003460561269929414,0.23409308321170932,False
-0.46098742545952115,-0.301848175153795,-0.003460561269929414,0.23409308321170932,-0.256173700094223,1.0,-0.46702438896259707,-0.4517539363341587,0.0012213003943047727,0.4579329756053236,False
-0.46702438896259707,-0.4517539363341587,0.0012213003943047727,0.4579329756053236,0.8182841539382935,1.0,-0.47605946768928026,0.02722434834143672,0.010379959906411244,-0.26017485335757035,False
-0.47605946768928026,0.02722434834143672,0.010379959906411244,-0.26017485335757035,-0.8329968452453613,1.0,-0.4755149807224515,-0.46052788357111957,0.005176462839259837,0.4744657341534065,False
-0.4755149807224515,-0.46052788357111957,0.005176462839259837,0.4744657341534065,0.7726420164108276,1.0,-0.4847255383938739,-0.00832361651595448,0.014665777522327967,-0.20230970530122933,False
-0.4847255383938739,-0.00832361651595448,0.014665777522327967,-0.20230970530122933,-0.2168688327074051,1.0,-0.48489201072419297,-0.135478937844404,0.01061958341630338,-0.007285650817360517,False
-0.48489201072419297,-0.135478937844404,0.01061958341630338,-0.007285650817360517,0.1338251680135727,1.0,-0.48760158948108107,-0.05729518763386579,0.01047387039995617,-0.12143256444274429,False
-0.48760158948108107,-0.05729518763386579,0.01047387039995617,-0.12143256444274429,0.04553045332431793,1.0,-0.4887474932337584,-0.030793476644171848,0.008045219111101284,-0.1581036888832726,False
-0.4887474932337584,-0.030793476644171848,0.008045219111101284,-0.1581036888832726,-0.17275914549827576,1.0,-0.48936336276664183,-0.13203548089216524,0.004883145333435832,-0.0038803282902052927,False
-0.48936336276664183,-0.13203548089216524,0.004883145333435832,-0.0038803282902052927,-0.5643370151519775,1.0,-0.4920040723844851,-0.46244855329460266,0.004805538767631726,0.49316901029607924,False
-0.4920040723844851,-0.46244855329460266,0.004805538767631726,0.49316901029607924,0.729177713394165,1.0,-0.5012530434503771,-0.03568131687408943,0.01466891897355331,-0.1455616298222447,False
-0.5012530434503771,-0.03568131687408943,0.01466891897355331,-0.1455616298222447,0.49255427718162537,1.0,-0.501966669787859,0.25242856181990575,0.011757686377108417,-0.5733674451772466,False
-0.501966669787859,0.25242856181990575,0.011757686377108417,-0.5733674451772466,-0.7321445941925049,1.0,-0.49691809855146085,-0.1763043828851542,0.0002903374735634852,0.07314420048516745,False
-0.49691809855146085,-0.1763043828851542,0.0002903374735634852,0.07314420048516745,-0.22106114029884338,1.0,-0.500444186209164,-0.3057101875373227,0.0017532214832668342,0.2673382584981696,False
-0.500444186209164,-0.3057101875373227,0.0017532214832668342,0.2673382584981696,-0.22499176859855652,1.0,-0.5065583899599104,-0.43743767806637146,0.007099986653230226,0.4654446374672941,False
-0.5065583899599104,-0.43743767806637146,0.007099986653230226,0.4654446374672941,0.8618455529212952,1.0,-0.5153071435212379,0.06695509913528541,0.016408879402576106,-0.2890380801185178,False
-0.5153071435212379,0.06695509913528541,0.016408879402576106,-0.2890380801185178,-0.07215547561645508,1.0,-0.5139680415385321,0.024484636451303332,0.01062811780020575,-0.22051696826155975,False
-0.5139680415385321,0.024484636451303332,0.01062811780020575,-0.22051696826155975,-0.5712333917617798,1.0,-0.513478348809506,-0.31004502780414317,0.006217778434974555,0.2843737956241801,False
-0.513478348809506,-0.31004502780414317,0.006217778434974555,0.2843737956241801,0.36630114912986755,1.0,-0.519679249365589,-0.09571412843557564,0.011905254347458157,-0.03528832371961954,False
-0.519679249365589,-0.09571412843557564,0.011905254347458157,-0.03528832371961954,0.22040094435214996,1.0,-0.5215935319343005,0.0331290141775214,0.011199487873065767,-0.22503927950956384,False
-0.5215935319343005,0.0331290141775214,0.011199487873065767,-0.22503927950956384,-0.3726567327976227,1.0,-0.5209309516507501,-0.18516955923198655,0.006698702282874489,0.10568062577078083,False
-0.5209309516507501,-0.18516955923198655,0.006698702282874489,0.10568062577078083,0.6435768008232117,1.0,-0.5246343428353898,0.19146109424914645,0.008812314798290106,-0.4572832754549804,False
-0.5246343428353898,0.19146109424914645,0.008812314798290106,-0.4572832754549804,-0.850341260433197,1.0,-0.5208051209504069,-0.30642139175476557,-0.00033335071080950116,0.2921022427519885,False
-0.5208051209504069,-0.30642139175476557,-0.00033335071080950116,0.2921022427519885,0.7406459450721741,1.0,-0.5269335487855021,0.1271322036036196,0.005508694144230269,-0.3583261192595192,False
-0.5269335487855021,0.1271322036036196,0.005508694144230269,-0.3583261192595192,-0.10274417698383331,1.0,-0.5243909047134298,0.06691109336079704,-0.0016578282409601148,-0.26637627659381363,False
-0.5243909047134298,0.06691109336079704,-0.0016578282409601148,-0.26637627659381363,-0.330881804227829,1.0,-0.5230526828462138,-0.12675211660980337,-0.0069853537728363875,0.02363073788542569,False
-0.5230526828462138,-0.12675211660980337,-0.0069853537728363875,0.02363073788542569,0.24485424160957336,1.0,-0.5255877251784098,0.016676856595759376,-0.006512739015127874,-0.19356115027123216,False
-0.5255877251784098,0.016676856595759376,-0.006512739015127874,-0.19356115027123216,0.1516605168581009,1.0,-0.5252541880464946,0.10554663021547551,-0.010383962020552518,-0.3287777153355028,False
-0.5252541880464946,0.10554663021547551,-0.010383962020552518,-0.3287777153355028,-0.7460522651672363,1.0,-0.5231432554421851,-0.33101563116110616,-0.016959516327262576,0.3229775422857297,False
-0.5231432554421851,-0.33101563116110616,-0.016959516327262576,0.3229775422857297,-0.0135389044880867,1.0,-0.5297635680654073,-0.3386992300967328,-0.010499965481547982,0.3295154244489933,False
-0.5297635680654073,-0.3386992300967328,-0.010499965481547982,0.3295154244489933,0.09125904738903046,1.0,-0.5365375526673419,-0.2851302705037283,-0.003909656992568116,0.24607948134419189,False
-0.5365375526673419,-0.2851302705037283,-0.003909656992568116,0.24607948134419189,-0.2758290469646454,1.0,-0.5422401580774165,-0.4465351568657957,0.0010119326343157216,0.4870355243062667,False
-0.5422401580774165,-0.4465351568657957,0.0010119326343157216,0.4870355243062667,0.7391240000724792,1.0,-0.5511708612147325,-0.013891516426113526,0.010752643120441056,-0.16163209593677103,False
-0.5511708612147325,-0.013891516426113526,0.010752643120441056,-0.16163209593677103,-0.6499683260917664,1.0,-0.5514486915432547,-0.39451148327411717,0.007520001201705635,0.4124260655432134,False
-0.5514486915432547,-0.39451148327411717,0.007520001201705635,0.4124260655432134,0.7698739171028137,1.0,-0.5593389212087371,0.05603795930645522,0.015768522512569903,-0.26116812983253274,False
-0.5593389212087371,0.05603795930645522,0.015768522512569903,-0.26116812983253274,0.20166757702827454,1.0,-0.558218162022608,0.17386007232573353,0.010545159915919249,-0.43324357428954785,False
-0.558218162022608,0.17386007232573353,0.010545159915919249,-0.43324357428954785,-0.05774049460887909,1.0,-0.5547409605760933,0.13991174382304244,0.0018802884301282914,-0.3792236932530694,False
-0.5547409605760933,0.13991174382304244,0.0018802884301282914,-0.3792236932530694,-0.5887724757194519,1.0,-0.5519427256996325,-0.2047621720863132,-0.005704185434933097,0.13833907114196592,False
-0.5519427256996325,-0.2047621720863132,-0.005704185434933097,0.13833907114196592,0.8316107988357544,1.0,-0.5560379691413588,0.2821149320270787,-0.0029374040120937785,-0.5936417250764052,False
-0.5560379691413588,0.2821149320270787,-0.0029374040120937785,-0.5936417250764052,-0.8580721020698547,1.0,-0.5503956705008173,-0.22012974290691822,-0.014810238513621883,0.15885844163503093,False
-0.5503956705008173,-0.22012974290691822,-0.014810238513621883,0.15885844163503093,-0.0118898656219244,1.0,-0.5547982653589556,-0.22687755114148017,-0.011633069680921263,0.164624992995908,False
-0.5547982653589556,-0.22687755114148017,-0.011633069680921263,0.164624992995908,-0.06174493208527565,1.0,-0.5593358163817852,-0.2628540571786848,-0.008340569821003103,0.21516605526625374,False
-0.5593358163817852,-0.2628540571786848,-0.008340569821003103,0.21516605526625374,-0.11013488471508026,1.0,-0.5645928975253589,-0.32720369673371213,-0.004037248715678028,0.30923505815413066,False
-0.5645928975253589,-0.32720369673371213,-0.004037248715678028,0.30923505815413066,0.04484715685248375,1.0,-0.5711369714600332,-0.30089421108045245,0.002147452447404585,0.26858420339699246,False
-0.5711369714600332,-0.30089421108045245,0.002147452447404585,0.26858420339699246,0.2823127508163452,1.0,-0.5771548556816423,-0.13566866883490966,0.007519136515344434,0.021377812022380982,False
-0.5771548556816423,-0.13566866883490966,0.007519136515344434,0.021377812022380982,0.2138739973306656,1.0,-0.5798682290583405,-0.010582479273695905,0.007946692755792054,-0.16403556300211564,False
-0.5798682290583405,-0.010582479273695905,0.007946692755792054,-0.16403556300211564,-0.15887795388698578,1.0,-0.5800798786438144,-0.10369753192416421,0.004665981495749741,-0.022031091079240256,False
-0.5800798786438144,-0.10369753192416421,0.004665981495749741,-0.022031091079240256,-0.21405157446861267,1.0,-0.5821538292822976,-0.22906272865330307,0.004225359674164936,0.1673864505699645,False
-0.5821538292822976,-0.22906272865330307,0.004225359674164936,0.1673864505699645,0.5368179082870483,1.0,-0.5867350838553637,0.08511125244598805,0.0075730886855642264,-0.30262806216988225,False
-0.5867350838553637,0.08511125244598805,0.0075730886855642264,-0.30262806216988225,0.10649053007364273,1.0,-0.5850328588064438,0.14733898298487458,0.001520527442166581,-0.3937405145512188,False
-0.5850328588064438,0.14733898298487458,0.001520527442166581,-0.3937405145512188,-0.3249765932559967,1.0,-0.5820860791467464,-0.04291276233528718,-0.006354282848857795,-0.10791619157222793,False
-0.5820860791467464,-0.04291276233528718,-0.006354282848857795,-0.10791619157222793,0.46230122447013855,1.0,-0.5829443343934522,0.2277928438760195,-0.008512606680302353,-0.5158345498105814,False
-0.5829443343934522,0.2277928438760195,-0.008512606680302353,-0.5158345498105814,-0.7045738101005554,1.0,-0.5783884775159318,-0.1845185522691783,-0.018829297676513982,0.10010745995876202,False
-0.5783884775159318,-0.1845185522691783,-0.018829297676513982,0.10010745995876202,-0.5085933208465576,1.0,-0.5820788485613154,-0.48195420871212663,-0.01682714847733874,0.5406463703756951,False
-0.5820788485613154,-0.48195420871212663,-0.01682714847733874,0.5406463703756951,0.4846228361129761,1.0,-0.591717932735558,-0.19804194820840815,-0.0060142210698248405,0.1098913229504116,False
-0.591717932735558,-0.19804194820840815,-0.0060142210698248405,0.1098913229504116,0.6592947840690613,1.0,-0.5956787716997262,0.18797186404552169,-0.0038163946108166085,-0.4708870939599137,False
-0.5956787716997262,0.18797186404552169,-0.0038163946108166085,-0.4708870939599137,-0.7615938782691956,1.0,-0.5919193344188157,-0.2577848050312618,-0.013234136490014882,0.19662102307904283,False
-0.5919193344188157,-0.2577848050312618,-0.013234136490014882,0.19662102307904283,-0.5115874409675598,1.0,-0.597075030519441,-0.5570575135019988,-0.009301716028434024,0.6416000523066154,False
-0.597075030519441,-0.5570575135019988,-0.009301716028434024,0.6416000523066154,0.6134640574455261,1.0,-0.6082161807894809,-0.19782921907560314,0.003530285017698285,0.10004625626333519,False
-0.6082161807894809,-0.19782921907560314,0.003530285017698285,0.10004625626333519,-0.5806246995925903,1.0,-0.612172765170993,-0.5377573765808747,0.005531210142964989,0.6109732167927501,False
-0.612172765170993,-0.5377573765808747,0.005531210142964989,0.6109732167927501,0.5819210410118103,1.0,-0.6229279127026105,-0.19719874167983314,0.01775067447881999,0.10176924627247796,False
-0.6229279127026105,-0.19719874167983314,0.01775067447881999,0.10176924627247796,0.5284727215766907,1.0,-0.6268718875362072,0.11188968097579716,0.01978605940426955,-0.3565719232055015,False
-0.6268718875362072,0.11188968097579716,0.01978605940426955,-0.3565719232055015,-0.3794599175453186,1.0,-0.6246340939166912,-0.1105080605717047,0.01265462094015952,-0.017223886395796528,False
-0.6246340939166912,-0.1105080605717047,0.01265462094015952,-0.017223886395796528,-0.27048495411872864,1.0,-0.6268442551281254,-0.2690203221158766,0.01231014321224359,0.2242458273854935,False
-0.6268442551281254,-0.2690203221158766,0.01231014321224359,0.2242458273854935,0.884788990020752,1.0,-0.6322246615704429,0.24872327603027194,0.01679505975995346,-0.5486916358765999,False
-0.6322246615704429,0.24872327603027194,0.01679505975995346,-0.5486916358765999,-0.6984289288520813,1.0,-0.6272501960498374,-0.16034061565872015,0.005821227042421462,0.06975517940266551,False
-0.6272501960498374,-0.16034061565872015,0.005821227042421462,0.06975517940266551,0.10555903613567352,1.0,-0.6304570083630119,-0.09863356875633417,0.007216330630474772,-0.021092391585283768,False
-0.6304570083630119,-0.09863356875633417,0.007216330630474772,-0.021092391585283768,-0.20725491642951965,1.0,-0.6324296797381386,-0.22005654319197857,0.006794482798769097,0.1631589105152877,False
-0.6324296797381386,-0.22005654319197857,0.006794482798769097,0.1631589105152877,0.8302169442176819,1.0,-0.6368308106019781,0.26582520246847463,0.010057661009074851,-0.5636493224201176,False
-0.6368308106019781,0.26582520246847463,0.010057661009074851,-0.5636493224201176,-0.7641992568969727,1.0,-0.6315143065526087,-0.18164875046772705,-0.0012153254393275012,0.11048456106548465,False
-0.6315143065526087,-0.18164875046772705,-0.0012153254393275012,0.11048456106548465,0.2615579664707184,1.0,-0.6351472815619632,-0.028524249637503524,0.0009943657819821918,-0.1195593261455816,False
-0.6351472815619632,-0.028524249637503524,0.0009943657819821918,-0.1195593261455816,0.6330130696296692,1.0,-0.6357177665547132,0.34200571265211643,-0.0013968207409294402,-0.6750616513134844,False
-0.6357177665547132,0.34200571265211643,-0.0013968207409294402,-0.6750616513134844,-0.707791805267334,1.0,-0.6288776523016709,-0.07229197109353358,-0.014898053767199129,-0.05402639711390245,False
-0.6288776523016709,-0.07229197109353358,-0.014898053767199129,-0.05402639711390245,-0.00471883499994874,1.0,-0.6303234917235416,-0.0748405887274651,-0.015978581709477177,-0.054583760691617175,False
-0.6303234917235416,-0.0748405887274651,-0.015978581709477177,-0.054583760691617175,0.15510937571525574,1.0,-0.6318203034980909,0.016182513885929936,-0.01707025692330952,-0.19579848843102088,False
-0.6318203034980909,0.016182513885929936,-0.01707025692330952,-0.19579848843102088,0.2748592793941498,1.0,-0.6314966532203723,0.17731644180235046,-0.02098622669192994,-0.44248257791055534,False
-0.6314966532203723,0.17731644180235046,-0.02098622669192994,-0.44248257791055534,-0.938951849937439,1.0,-0.6279503243843253,-0.3719993332998502,-0.02983587825014105,0.375140145696353,False
-0.6279503243843253,-0.3719993332998502,-0.02983587825014105,0.375140145696353,-0.05166291445493698,1.0,-0.6353903110503223,-0.4018155573363668,-0.022333075336213988,0.4110741300230864,False
-0.6353903110503223,-0.4018155573363668,-0.022333075336213988,0.4110741300230864,0.43660372495651245,1.0,-0.6434266221970496,-0.14593548102151666,-0.01411159273575226,0.020784351480578445,False
-0.6434266221970496,-0.14593548102151666,-0.01411159273575226,0.020784351480578445,-0.5489597320556641,1.0,-0.6463453318174799,-0.46707073617092354,-0.013695905706140692,0.4982906019864223,False
-0.6463453318174799,-0.46707073617092354,-0.013695905706140692,0.4982906019864223,0.6394432783126831,1.0,-0.6556867465408983,-0.09257453820224693,-0.003730093666412247,-0.06742748079656447,False
-0.6556867465408983,-0.09257453820224693,-0.003730093666412247,-0.06742748079656447,-0.7185162305831909,1.0,-0.6575382373049432,-0.5131154987871251,-0.0050786432823435364,0.5622829266623256,False
-0.6575382373049432,-0.5131154987871251,-0.0050786432823435364,0.5622829266623256,0.8039482831954956,1.0,-0.6678005472806857,-0.042441246556861045,0.006167015250902975,-0.14521246146832656,False
-0.6678005472806857,-0.042441246556861045,0.006167015250902975,-0.14521246146832656,-0.3337889611721039,1.0,-0.668649372211823,-0.23791767769537406,0.003262766021536444,0.14980970046720027,False
-0.668649372211823,-0.23791767769537406,0.003262766021536444,0.14980970046720027,0.2910741865634918,1.0,-0.6734077257657305,-0.0675796417513973,0.006258960030880449,-0.10473674192329002,False
-0.6734077257657305,-0.0675796417513973,0.006258960030880449,-0.10473674192329002,-0.4180797338485718,1.0,-0.6747593186007584,-0.3123982336237891,0.004164225192414649,0.2643240751442101,False
-0.6747593186007584,-0.3123982336237891,0.004164225192414649,0.2643240751442101,0.14282599091529846,1.0,-0.6810072832732342,-0.2288523180795659,0.00945070669529885,0.14023056705751555,False
-0.6810072832732342,-0.2288523180795659,0.00945070669529885,0.14023056705751555,0.4759733974933624,1.0,-0.6855843296348255,0.049629088570626256,0.01225531803644916,-0.27469442204468764,False
-0.6855843296348255,0.049629088570626256,0.01225531803644916,-0.27469442204468764,0.2758989930152893,1.0,-0.684591747863413,0.21095432588547416,0.006761429595555408,-0.5130611325141221,False
-0.684591747863413,0.21095432588547416,0.006761429595555408,-0.5130611325141221,-0.5772122144699097,1.0,-0.6803726613457035,-0.1270200936654546,-0.0034997930547270347,-0.00412324635363559,False
-0.6803726613457035,-0.1270200936654546,-0.0034997930547270347,-0.00412324635363559,-0.5898969173431396,1.0,-0.6829130632190126,-0.47227510514188564,-0.0035822579817997467,0.5127271621513373,False
-0.6829130632190126,-0.47227510514188564,-0.0035822579817997467,0.5127271621513373,0.7613950967788696,1.0,-0.6923585653218503,-0.026530377266358207,0.006672285261226999,-0.1569388212221139,False
-0.6923585653218503,-0.026530377266358207,0.006672285261226999,-0.1569388212221139,0.7365013360977173,1.0,-0.6928891728671774,0.40449542483901635,0.0035335088367847212,-0.8015014953674584,False
-0.6928891728671774,0.40449542483901635,0.0035335088367847212,-0.8015014953674584,-0.8405491709709167,1.0,-0.6847992643703971,-0.08758136930787086,-0.012496521070564448,-0.062352062642887285,False
-0.6847992643703971,-0.08758136930787086,-0.012496521070564448,-0.062352062642887285,-0.1403726041316986,1.0,-0.6865508917565545,-0.16957060940456187,-0.013743562323422194,0.05694831328819705,False
-0.6865508917565545,-0.16957060940456187,-0.013743562323422194,0.05694831328819705,0.12635767459869385,1.0,-0.6899423039446457,-0.09540913176605208,-0.012604596057658254,-0.05832387743606236,False
-0.6899423039446457,-0.09540913176605208,-0.012604596057658254,-0.05832387743606236,-0.8998910188674927,1.0,-0.6918504865799667,-0.6219877776625705,-0.0137710736063795,0.7277756936542115,False
-0.6918504865799667,-0.6219877776625705,-0.0137710736063795,0.7277756936542115,0.19704024493694305,1.0,-0.7042902421332181,-0.5064583929422055,0.0007844402667047286,0.5504494805981899,False
-0.7042902421332181,-0.5064583929422055,0.0007844402667047286,0.5504494805981899,0.581619143486023,1.0,-0.7144194099920622,-0.1660094399729028,0.011793429878668526,0.04000683367954838,False
-0.7144194099920622,-0.1660094399729028,0.011793429878668526,0.04000683367954838,0.5050037503242493,1.0,-0.7177395987915203,0.12943040395348837,0.012593566552259494,-0.39965492612108383,False
-0.7177395987915203,0.12943040395348837,0.012593566552259494,-0.39965492612108383,-0.39204367995262146,1.0,-0.7151509907124505,-0.10023454307105475,0.004600468029837818,-0.05148241281135135,False
-0.7151509907124505,-0.10023454307105475,0.004600468029837818,-0.05148241281135135,-0.030688205733895302,1.0,-0.7171556815738716,-0.11826430751410123,0.003570819773610791,-0.023085519507009572,False
-0.7171556815738716,-0.11826430751410123,0.003570819773610791,-0.023085519507009572,-0.08178642392158508,1.0,-0.7195209677241535,-0.16619045114580977,0.0031091093834705995,0.04985305640263611,False
-0.7195209677241535,-0.16619045114580977,0.0031091093834705995,0.04985305640263611,-0.6710433959960938,1.0,-0.7228447767470697,-0.5590406449717169,0.004106170511523322,0.6400395756970483,False
-0.7228447767470697,-0.5590406449717169,0.004106170511523322,0.6400395756970483,0.848796010017395,1.0,-0.734025589646504,-0.06224230365323591,0.016906962025464288,-0.10394444329940977,False
-0.734025589646504,-0.06224230365323591,0.016906962025464288,-0.10394444329940977,0.43521469831466675,1.0,-0.7352704357195687,0.19226995083550324,0.014828073159476093,-0.4806878529382209,False
-0.7352704357195687,0.19226995083550324,0.014828073159476093,-0.4806878529382209,-0.5137799382209778,1.0,-0.7314250367028586,-0.1086837224527899,0.0052143161007116735,-0.02494767674819859,False
-0.7314250367028586,-0.1086837224527899,0.0052143161007116735,-0.02494767674819859,0.14935684204101562,1.0,-0.7335987111519144,-0.021330277297038472,0.004715362565747702,-0.1544430612034279,False
-0.7335987111519144,-0.021330277297038472,0.004715362565747702,-0.1544430612034279,0.4167976677417755,1.0,-0.7340253166978552,0.22258093399411244,0.001626501341679144,-0.5189194992314953,False
-0.7340253166978552,0.22258093399411244,0.001626501341679144,-0.5189194992314953,-0.5930924415588379,1.0,-0.729573698017973,-0.12461796121975027,-0.008751888642950761,0.002356345885330957,False
-0.729573698017973,-0.12461796121975027,-0.008751888642950761,0.002356345885330957,0.540934145450592,1.0,-0.7320660572423681,0.19215014974093025,-0.008704761725244143,-0.47535064581365705,False
-0.7320660572423681,0.19215014974093025,-0.008704761725244143,-0.47535064581365705,-0.40105491876602173,1.0,-0.7282230542475494,-0.04248949045272263,-0.018211774641517284,-0.12596368755705856,False
-0.7282230542475494,-0.04248949045272263,-0.018211774641517284,-0.12596368755705856,-0.3838202655315399,1.0,-0.7290728440566039,-0.26689847852953186,-0.020731048392658456,0.20524000824103267,False
-0.7290728440566039,-0.26689847852953186,-0.020731048392658456,0.20524000824103267,-0.4725537896156311,1.0,-0.7344108136271945,-0.5432102665507736,-0.016626248227837804,0.6135241375944469,False
-0.7344108136271945,-0.5432102665507736,-0.016626248227837804,0.6135241375944469,0.4005628228187561,1.0,-0.74527501895821,-0.30850691927742924,-0.004355765475948865,0.25662988344652793,False
-0.74527501895821,-0.30850691927742924,-0.004355765475948865,0.25662988344652793,0.25044339895248413,1.0,-0.7514451573437586,-0.16184392146667043,0.0007768321929816939,0.0353568826705577,False
-0.7514451573437586,-0.16184392146667043,0.0007768321929816939,0.0353568826705577,0.2860274612903595,1.0,-0.754682035773092,0.005575640230178508,0.0014839698463928479,-0.21554399545866065,False
-0.754682035773092,0.005575640230178508,0.0014839698463928479,-0.21554399545866065,-0.01442415826022625,1.0,-0.7545705229684885,-0.002888983124716407,-0.0028269100627803653,-0.2024107874319882,False
-0.7545705229684885,-0.002888983124716407,-0.0028269100627803653,-0.2024107874319882,-0.22679632902145386,1.0,-0.7546283026309828,-0.13560730344634545,-0.006875125811420129,-0.004165212856442113,False
-0.7546283026309828,-0.13560730344634545,-0.006875125811420129,-0.004165212856442113,-0.4848909080028534,1.0,-0.7573404486999097,-0.41934630627821146,-0.006958430068548971,0.4194119616717498,False
-0.7573404486999097,-0.41934630627821146,-0.006958430068548971,0.4194119616717498,0.4863450825214386,1.0,-0.7657273748254739,-0.1345589141541032,0.0014298091648860265,-0.009804546486451404,False
-0.7657273748254739,-0.1345589141541032,0.0014298091648860265,-0.009804546486451404,-0.5386989712715149,1.0,-0.768418553108556,-0.449915355558057,0.0012337182351569984,0.463649995845599,False
-0.768418553108556,-0.449915355558057,0.0012337182351569984,0.463649995845599,0.48906829953193665,1.0,-0.7774168602197171,-0.16364893934841956,0.010506718152068979,0.03461341138636853,False
-0.7774168602197171,-0.16364893934841956,0.010506718152068979,0.03461341138636853,0.035373035818338394,1.0,-0.7806898390066855,-0.14309359641195302,0.01119898637979635,0.0068710171160550094,False
-0.7806898390066855,-0.14309359641195302,0.01119898637979635,0.0068710171160550094,0.5066699981689453,1.0,-0.7835517109349246,0.15333040354787336,0.01133640672211745,-0.4344446674193932,False
-0.7835517109349246,0.15333040354787336,0.01133640672211745,-0.4344446674193932,-0.2988030016422272,1.0,-0.7804851028639671,-0.021737503715359097,0.002647513373729586,-0.16852684817778463,False
-0.7804851028639671,-0.021737503715359097,0.002647513373729586,-0.16852684817778463,0.383577823638916,1.0,-0.7809198529382743,0.20275784564515115,-0.0007230235898261065,-0.5044903240256735,False
-0.7809198529382743,0.20275784564515115,-0.0007230235898261065,-0.5044903240256735,-0.6612006425857544,1.0,-0.7768646960253712,-0.18427622845331088,-0.010812830070339577,0.07584806645978537,False
-0.7768646960253712,-0.18427622845331088,-0.010812830070339577,0.07584806645978537,-0.8256428241729736,1.0,-0.7805502205944375,-0.6674202129103629,-0.009295868741143869,0.7973427675477268,False
-0.7805502205944375,-0.6674202129103629,-0.009295868741143869,0.7973427675477268,0.8167445063591003,1.0,-0.7938986248526447,-0.1892013483660715,0.006650986609810667,0.07731251776708603,False
-0.7938986248526447,-0.1892013483660715,0.006650986609810667,0.07731251776708603,0.7292225956916809,1.0,-0.7976826518199661,0.23756393427100608,0.008197236965152387,-0.5608658719226464,False
-0.7976826518199661,0.23756393427100608,0.008197236965152387,-0.5608658719226464,-0.9141497611999512,1.0,-0.792931373134546,-0.29766052901419826,-0.0030200804733005408,0.24435381065134387,False
-0.792931373134546,-0.29766052901419826,-0.0030200804733005408,0.24435381065134387,0.7802689671516418,1.0,-0.79888458371483,0.15912511235960553,0.0018669957397263364,-0.4417094290037997,False
-0.79888458371483,0.15912511235960553,0.0018669957397263364,-0.4417094290037997,-0.16686055064201355,1.0,-0.7957020814676379,0.061424248600381814,-0.006967192840349658,-0.29460949235124334,False
-0.7957020814676379,0.061424248600381814,-0.006967192840349658,-0.29460949235124334,-0.6140727996826172,1.0,-0.7944735964956302,-0.2979323970927549,-0.012859382687374524,0.24236405526070692,False
-0.7944735964956302,-0.2979323970927549,-0.012859382687374524,0.24236405526070692,0.3068620264530182,1.0,-0.8004322444374853,-0.11812435542612906,-0.008012101582160387,-0.031106261564780247,False
-0.8004322444374853,-0.11812435542612906,-0.008012101582160387,-0.031106261564780247,-0.41956356167793274,1.0,-0.8027947315460079,-0.36360649206001716,-0.008634226813455992,0.33474959196787607,False
-0.8027947315460079,-0.36360649206001716,-0.008634226813455992,0.33474959196787607,0.6670792698860168,1.0,-0.8100668613872082,0.026999680938030513,-0.00193923497409847,-0.2536762590774581,False
-0.8100668613872082,0.026999680938030513,-0.00193923497409847,-0.2536762590774581,-0.6179149150848389,1.0,-0.8095268677684476,-0.33467882164808965,-0.007012760155647633,0.28827033997211143,False
-0.8095268677684476,-0.33467882164808965,-0.007012760155647633,0.28827033997211143,0.4664611518383026,1.0,-0.8162204442014094,-0.061529372796743864,-0.0012473533562054042,-0.1235054930603085,False
-0.8162204442014094,-0.061529372796743864,-0.0012473533562054042,-0.1235054930603085,-0.3185102343559265,1.0,-0.8174510316573442,-0.24795649651417812,-0.0037174632174115743,0.1557682531791148,False
-0.8174510316573442,-0.24795649651417812,-0.0037174632174115743,0.1557682531791148,0.3032200038433075,1.0,-0.8224101615876278,-0.07040881427873263,-0.000602098153829278,-0.1116443616252768,False
-0.8224101615876278,-0.07040881427873263,-0.000602098153829278,-0.1116443616252768,0.1016964465379715,1.0,-0.8238183378732025,-0.010870560971532668,-0.002834985386334814,-0.20112874224465427,False
-0.8238183378732025,-0.010870560971532668,-0.002834985386334814,-0.20112874224465427,0.24373285472393036,1.0,-0.8240357490926331,0.13184279140705282,-0.006857560231227899,-0.4160313951445939,False
-0.8240357490926331,0.13184279140705282,-0.006857560231227899,-0.4160313951445939,-0.568022608757019,1.0,-0.821398893264492,-0.20055991770343176,-0.015178188134119776,0.08054483795046252,False
-0.821398893264492,-0.20055991770343176,-0.015178188134119776,0.08054483795046252,-0.41898003220558167,1.0,-0.8254100916185606,-0.4455948437768562,-0.013567291375110526,0.4435926740178854,False
-0.8254100916185606,-0.4455948437768562,-0.013567291375110526,0.4435926740178854,0.7182410955429077,1.0,-0.8343219884940978,-0.024974750149532987,-0.004695437894752819,-0.19126806051343292,False
-0.8343219884940978,-0.024974750149532987,-0.004695437894752819,-0.19126806051343292,0.03163771703839302,1.0,-0.8348214834970884,-0.00638797001574546,-0.008520799105021477,-0.2205283770442483,False
-0.8348214834970884,-0.00638797001574546,-0.008520799105021477,-0.2205283770442483,-0.2106855809688568,1.0,-0.8349492428974034,-0.12959366992421434,-0.012931366645906443,-0.03823162068595601,False
-0.8349492428974034,-0.12959366992421434,-0.012931366645906443,-0.03823162068595601,-0.5849341154098511,1.0,-0.8375411162958877,-0.4718045251857967,-0.013695999059625564,0.4712400285297632,False
-0.8375411162958877,-0.4718045251857967,-0.013695999059625564,0.4712400285297632,0.5716588497161865,1.0,-0.8469772067996036,-0.1369861208979411,-0.004271198489030299,-0.03496697245189839,False
-0.8469772067996036,-0.1369861208979411,-0.004271198489030299,-0.03496697245189839,0.1929679811000824,1.0,-0.8497169292175625,-0.023968155378263675,-0.004970537938068267,-0.20574810291982926,False
-0.8497169292175625,-0.023968155378263675,-0.004970537938068267,-0.20574810291982926,-0.6409083604812622,1.0,-0.8501962923251277,-0.39906226851583276,-0.009085499996464852,0.35542478428843205,False
-0.8501962923251277,-0.39906226851583276,-0.009085499996464852,0.35542478428843205,0.8079923987388611,1.0,-0.8581775376954444,0.07403520676637293,-0.001977004310696211,-0.356863239748508,False
-0.8581775376954444,0.07403520676637293,-0.001977004310696211,-0.356863239748508,-0.7631385326385498,1.0,-0.8566968335601169,-0.37265179667504456,-0.009114269105666371,0.31258471710279323,False
-0.8566968335601169,-0.37265179667504456,-0.009114269105666371,0.31258471710279323,0.16581296920776367,1.0,-0.8641498694936178,-0.2754613012393527,-0.002862574763610506,0.1641254710927184,False
-0.8641498694936178,-0.2754613012393527,-0.002862574763610506,0.1641254710927184,0.3236234486103058,1.0,-0.8696590955184049,-0.08598232053005225,0.00041993465824386204,-0.12093343131256173,False
-0.8696590955184049,-0.08598232053005225,0.00041993465824386204,-0.12093343131256173,0.5683326721191406,1.0,-0.871378741929006,0.2466941984692582,-0.0019987339680073725,-0.6198247050262233,False
-0.871378741929006,0.2466941984692582,-0.0019987339680073725,-0.6198247050262233,-0.463746041059494,1.0,-0.8664448579596208,-0.02473890384907043,-0.01439522806853184,-0.21326349221250224,False
-0.8664448579596208,-0.02473890384907043,-0.01439522806853184,-0.21326349221250224,-0.3339981138706207,1.0,-0.8669396360366022,-0.22004125240876654,-0.018660497912781883,0.07542762697129551,False
-0.8669396360366022,-0.22004125240876654,-0.018660497912781883,0.07542762697129551,0.28652501106262207,1.0,-0.8713404610847775,-0.052056121168089386,-0.017151945373355973,-0.1819920680561588,False
-0.8713404610847775,-0.052056121168089386,-0.017151945373355973,-0.1819920680561588,-0.710550844669342,1.0,-0.8723815835081392,-0.4677339943565897,-0.02079178673447915,0.43639060331650675,False
-0.8723815835081392,-0.4677339943565897,-0.02079178673447915,0.43639060331650675,0.3917837142944336,1.0,-0.881736263395271,-0.23811021225661544,-0.012063974668149015,0.08591703209408791,False
-0.881736263395271,-0.23811021225661544,-0.012063974668149015,0.08591703209408791,-0.3243037760257721,1.0,-0.8864984676404033,-0.4277716379184886,-0.010345634026267257,0.3668417458987357,False
-0.8864984676404033,-0.4277716379184886,-0.010345634026267257,0.3668417458987357,0.2935131788253784,1.0,-0.8950539003987731,-0.25581338941417897,-0.003008799108292543,0.10587661466852699,False
-0.8950539003987731,-0.25581338941417897,-0.003008799108292543,0.10587661466852699,0.37716346979141235,1.0,-0.9001701681870566,-0.03499180180746686,-0.0008912668149220031,-0.22623885304364766,False
-0.9001701681870566,-0.03499180180746686,-0.0008912668149220031,-0.22623885304364766,-0.136152982711792,1.0,-0.900870004223206,-0.11467836657135055,-0.005416043875794956,-0.10697108578137246,False
-0.900870004223206,-0.11467836657135055,-0.005416043875794956,-0.10697108578137246,0.3216545283794403,1.0,-0.903163571554633,0.07368441874021783,-0.007555465591422405,-0.3911034288643981,False
-0.903163571554633,0.07368441874021783,-0.007555465591422405,-0.3911034288643981,-0.8809131979942322,1.0,-0.9016898831798287,-0.44186270921634674,-0.015377534168710367,0.37997390489625094,False
-0.9016898831798287,-0.44186270921634674,-0.015377534168710367,0.37997390489625094,0.5911628007888794,1.0,-0.9105271373641556,-0.09560384677531153,-0.007778056070785348,-0.14387379734406436,False
-0.9105271373641556,-0.09560384677531153,-0.007778056070785348,-0.14387379734406436,-0.40930840373039246,1.0,-0.9124392142996618,-0.33508656270621917,-0.010655532017666636,0.2130526849824691,False
-0.9124392142996618,-0.33508656270621917,-0.010655532017666636,0.2130526849824691,0.44886481761932373,1.0,-0.9191409455537862,-0.07218627712036851,-0.006394478318017254,-0.18440802339453266,False
-0.9191409455537862,-0.07218627712036851,-0.006394478318017254,-0.18440802339453266,-0.37701982259750366,1.0,-0.9205846710961936,-0.2927886558797278,-0.010082638785907908,0.14460881573747647,False
-0.9205846710961936,-0.2927886558797278,-0.010082638785907908,0.14460881573747647,-0.18197625875473022,1.0,-0.9264404442137881,-0.3991661683718123,-0.007190462471158378,0.3012027282439419,False
-0.9264404442137881,-0.3991661683718123,-0.007190462471158378,0.3012027282439419,0.16250145435333252,1.0,-0.9344237675812244,-0.3039412442900363,-0.0011664079062795396,0.15625505689824035,False
-0.9344237675812244,-0.3039412442900363,-0.0011664079062795396,0.15625505689824035,0.6147713661193848,1.0,-0.9405025924670251,0.0559415856143361,0.0019586932316852674,-0.3839117445876066,False
-0.9405025924670251,0.0559415856143361,0.0019586932316852674,-0.3839117445876066,-0.49223440885543823,1.0,-0.9393837607547383,-0.23222335724096466,-0.005719541660066864,0.04891069598341358,False
-0.9393837607547383,-0.23222335724096466,-0.005719541660066864,0.04891069598341358,-0.4456828236579895,1.0,-0.9440282278995575,-0.4930282280450767,-0.004741327740398592,0.4384300673140847,False
-0.9440282278995575,-0.4930282280450767,-0.004741327740398592,0.4384300673140847,0.7494689226150513,1.0,-0.9538887924604591,-0.05424832669901675,0.004027273605883101,-0.22112633196058723,False
-0.9538887924604591,-0.05424832669901675,0.004027273605883101,-0.22112633196058723,-0.21567213535308838,1.0,-0.9549737589944395,-0.18055284468414776,-0.0003952530333286436,-0.030487076134625174,False
-0.9549737589944395,-0.18055284468414776,-0.0003952530333286436,-0.030487076134625174,0.2200784683227539,1.0,-0.9585848158881224,-0.05172075752731309,-0.001004994556021147,-0.2238513961635596,False
-0.9585848158881224,-0.05172075752731309,-0.001004994556021147,-0.2238513961635596,-0.6378717422485352,1.0,-0.9596192310386686,-0.42509470290814066,-0.005482022479292339,0.33591377072327294,False
-0.9596192310386686,-0.42509470290814066,-0.005482022479292339,0.33591377072327294,0.5506063103675842,1.0,-0.9681211250968315,-0.10271126375474682,0.0012362529351731197,-0.14926582822297912,False
-0.9681211250968315,-0.10271126375474682,0.0012362529351731197,-0.14926582822297912,0.5969693064689636,1.0,-0.9701753503719264,0.24671644207256577,-0.0017490636292864627,-0.6730435281652789,False
-0.9701753503719264,0.24671644207256577,-0.0017490636292864627,-0.6730435281652789,-0.562640905380249,1.0,-0.9652410215304751,-0.08260994698870255,-0.015209934192592041,-0.1795689246302969,False
-0.9652410215304751,-0.08260994698870255,-0.015209934192592041,-0.1795689246302969,-0.5537968873977661,1.0,-0.9668932204702492,-0.406560630880586,-0.01880131268519798,0.30182934647952836,False
-0.9668932204702492,-0.406560630880586,-0.01880131268519798,0.30182934647952836,0.0871025025844574,1.0,-0.9750244330878609,-0.35530722175990215,-0.012764725755607411,0.2194355602712057,False
-0.9750244330878609,-0.35530722175990215,-0.012764725755607411,0.2194355602712057,-0.5260907411575317,1.0,-0.982130577523059,-0.6630766631127263,-0.008376014550183296,0.6772993847968256,False
-0.982130577523059,-0.6630766631127263,-0.008376014550183296,0.6772993847968256,0.7625582814216614,1.0,-0.9953921107853135,-0.21658700565653471,0.005169973145753216,0.005125872480456484,False
-0.9953921107853135,-0.21658700565653471,0.005169973145753216,0.005125872480456484,-0.16825155913829803,1.0,-0.9997238508984442,-0.31514967396541294,0.005272490595362346,0.1544878644486559,False
-0.9997238508984442,-0.31514967396541294,0.005272490595362346,0.1544878644486559,0.31503552198410034,1.0,-1.0060268443777525,-0.13081450271976214,0.008362247884335464,-0.12046094410386068,False
-1.0060268443777525,-0.13081450271976214,0.008362247884335464,-0.12046094410386068,-0.14253102242946625,1.0,-1.0086431344321478,-0.2143666717411195,0.00595302900225825,0.0073213997528501495,False
-1.0086431344321478,-0.2143666717411195,0.00595302900225825,0.0073213997528501495,0.253525048494339,1.0,-1.0129304678669702,-0.06604752272134598,0.0060994569973152534,-0.21340320143697789,False
-1.0129304678669702,-0.06604752272134598,0.0060994569973152534,-0.21340320143697789,0.3445456326007843,1.0,-1.014251418321397,0.1355499748772209,0.0018313929685756956,-0.5140005935335585,False
-1.014251418321397,0.1355499748772209,0.0018313929685756956,-0.5140005935335585,-0.4929642081260681,1.0,-1.0115404188238526,-0.15304016156157593,-0.008448618902095476,-0.0805776855919138,False
-1.0115404188238526,-0.15304016156157593,-0.008448618902095476,-0.0805776855919138,0.23339781165122986,1.0,-1.0146012220550842,-0.016296660201387037,-0.010060172613933752,-0.2881694816060158,False
-1.0146012220550842,-0.016296660201387037,-0.010060172613933752,-0.2881694816060158,-0.740894615650177,1.0,-1.014927155259112,-0.44984440603878845,-0.01582356224605407,0.3591615879949767,False
-1.014927155259112,-0.44984440603878845,-0.01582356224605407,0.3591615879949767,0.1363808810710907,1.0,-1.0239240433798877,-0.36978825790718634,-0.008640330486154535,0.23444046596968793,False
-1.0239240433798877,-0.36978825790718634,-0.008640330486154535,0.23444046596968793,-0.4635910987854004,1.0,-1.0313198085380315,-0.6410337300197961,-0.003951521166760777,0.6387532612410314,False
-1.0313198085380315,-0.6410337300197961,-0.003951521166760777,0.6387532612410314,0.6905890703201294,1.0,-1.0441404831384273,-0.23673183417739802,0.008823544058059851,0.031143408006484186,False
-1.0441404831384273,-0.23673183417739802,0.008823544058059851,0.031143408006484186,0.23536336421966553,1.0,-1.0488751198219752,-0.09908546928821202,0.009446412218189535,-0.17272401375105226,False
-1.0488751198219752,-0.09908546928821202,0.009446412218189535,-0.17272401375105226,-0.8413771986961365,1.0,-1.0508568292077394,-0.5917309272570946,0.00599193194316849,0.5689884065317006,False
-1.0508568292077394,-0.5917309272570946,0.00599193194316849,0.5689884065317006,0.8565937280654907,1.0,-1.0626914477528813,-0.09039556388172565,0.017371700073802503,-0.1812395214457273,False
-1.0626914477528813,-0.09039556388172565,0.017371700073802503,-0.1812395214457273,0.3339681029319763,1.0,-1.0644993590305158,0.10484512027097972,0.013746909644887957,-0.46894933662701105,False
-1.0644993590305158,0.10484512027097972,0.013746909644887957,-0.46894933662701105,-0.7432060837745667,1.0,-1.0624024566250962,-0.3303905021682726,0.004367922912347735,0.18788387483216,False
-1.0624024566250962,-0.3303905021682726,0.004367922912347735,0.18788387483216,0.7720025181770325,1.0,-1.0690102666684618,0.12145028896058846,0.008125600408990935,-0.488586681200255,False
-1.0690102666684618,0.12145028896058846,0.008125600408990935,-0.488586681200255,-0.7443647980690002,1.0,-1.06658126088925,-0.31438797643556987,-0.0016461332150141655,0.16753803495378866,False
-1.06658126088925,-0.31438797643556987,-0.0016461332150141655,0.16753803495378866,0.30884936451911926,1.0,-1.0728690204179614,-0.1335745775343256,0.0017046274840616079,-0.1041656588748554,False
-1.0728690204179614,-0.1335745775343256,0.0017046274840616079,-0.1041656588748554,-0.3665236532688141,1.0,-1.0755405119686479,-0.348149391854469,-0.0003786856934355001,0.21819725521672184,False
-1.0755405119686479,-0.348149391854469,-0.0003786856934355001,0.21819725521672184,0.6505574584007263,1.0,-1.0825034998057372,0.03267013945729719,0.003985259410898937,-0.3531433343841812,False
-1.0825034998057372,0.03267013945729719,0.003985259410898937,-0.3531433343841812,-0.48303815722465515,1.0,-1.0818500970165912,-0.25014024410620744,-0.0030776072767846876,0.07224053537294273,False
-1.0818500970165912,-0.25014024410620744,-0.0030776072767846876,0.07224053537294273,0.766739547252655,1.0,-1.0868529018987154,0.19872671586351687,-0.001632796569325833,-0.6019615310565548,False
-1.0868529018987154,0.19872671586351687,-0.001632796569325833,-0.6019615310565548,-0.6133175492286682,1.0,-1.082878367581445,-0.1602655254489862,-0.01367202719045693,-0.06395392887734164,False
-1.082878367581445,-0.1602655254489862,-0.01367202719045693,-0.06395392887734164,-0.4642164707183838,1.0,-1.0860836780904248,-0.4318022845408175,-0.014951105768003762,0.3392936919647443,False
-1.0860836780904248,-0.4318022845408175,-0.014951105768003762,0.3392936919647443,0.4515993893146515,1.0,-1.0947197237812412,-0.1672430397285169,-0.008165231928708876,-0.061896283614517766,False
-1.0947197237812412,-0.1672430397285169,-0.008165231928708876,-0.061896283614517766,0.4088301360607147,1.0,-1.0980645845758115,0.0721880595125346,-0.009403157600999232,-0.42343151171956306,False
-1.0980645845758115,0.0721880595125346,-0.009403157600999232,-0.42343151171956306,-0.6169525980949402,1.0,-1.0966208233855608,-0.28881938688929,-0.017871787835390493,0.11529123042533096,False
-1.0966208233855608,-0.28881938688929,-0.017871787835390493,0.11529123042533096,0.2985494136810303,1.0,-1.1023972111233467,-0.11380682296550226,-0.015565963226883873,-0.15243971813464408,False
-1.1023972111233467,-0.11380682296550226,-0.015565963226883873,-0.15243971813464408,-0.7220436930656433,1.0,-1.1046733475826567,-0.5362362072505976,-0.018614757589576755,0.4765513857315328,False
-1.1046733475826567,-0.5362362072505976,-0.018614757589576755,0.4765513857315328,0.5048419833183289,1.0,-1.1153980717276686,-0.24046366986041762,-0.009083729874946099,0.02749702067797888,False
-1.1153980717276686,-0.24046366986041762,-0.009083729874946099,0.02749702067797888,-0.6528080105781555,1.0,-1.1202073451248769,-0.6224626218333028,-0.008533789461386521,0.5978012287050801,False
-1.1202073451248769,-0.6224626218333028,-0.008533789461386521,0.5978012287050801,0.7932885885238647,1.0,-1.1326565975615428,-0.15798163921662095,0.0034222351127150812,-0.10140377945659362,False
-1.1326565975615428,-0.15798163921662095,0.0034222351127150812,-0.10140377945659362,-0.21556435525417328,1.0,-1.1358162303458752,-0.28421458901793983,0.0013941595235832088,0.0889506716044964,False
-1.1358162303458752,-0.28421458901793983,0.0013941595235832088,0.0889506716044964,0.17289112508296967,1.0,-1.141500522126234,-0.18303002588432032,0.003173172955673137,-0.0624161428259358,False
-1.141500522126234,-0.18303002588432032,0.003173172955673137,-0.0624161428259358,0.5085484981536865,1.0,-1.1451611226439204,0.11461118499742223,0.001924850099154421,-0.5079428001491008,False
-1.1451611226439204,0.11461118499742223,0.001924850099154421,-0.5079428001491008,-0.5191327929496765,1.0,-1.142868898943972,-0.18929846370905495,-0.008234005903827593,-0.05151326600927941,False
-1.142868898943972,-0.18929846370905495,-0.008234005903827593,-0.05151326600927941,-0.10872390866279602,1.0,-1.146654868218153,-0.2528233511432854,-0.009264271224013182,0.04135006459316076,False
-1.146654868218153,-0.2528233511432854,-0.009264271224013182,0.04135006459316076,0.43572548031806946,1.0,-1.1517113352410187,0.002366704206229031,-0.008437269932149967,-0.34414224873332355,False
-1.1517113352410187,0.002366704206229031,-0.008437269932149967,-0.34414224873332355,-0.27683159708976746,1.0,-1.1516640011568942,-0.15956019433147386,-0.015320114906816439,-0.10374107418607056,False
-1.1516640011568942,-0.15956019433147386,-0.015320114906816439,-0.10374107418607056,-0.10104276239871979,1.0,-1.1548552050435237,-0.21848664765875137,-0.017394936390537852,-0.01986570437719974,False
-1.1548552050435237,-0.21848664765875137,-0.017394936390537852,-0.01986570437719974,-0.6220137476921082,1.0,-1.1592249379966988,-0.5823347893506899,-0.017792250478081847,0.5207100859296161,False
-1.1592249379966988,-0.5823347893506899,-0.017792250478081847,0.5207100859296161,0.7045633792877197,1.0,-1.1708716337837126,-0.16966659629832137,-0.007378048759489525,-0.10342487491622931,False
-1.1708716337837126,-0.16966659629832137,-0.007378048759489525,-0.10342487491622931,-0.28400495648384094,1.0,-1.174264965709679,-0.33580700717182677,-0.00944654625781411,0.14360983180410467,False
-1.174264965709679,-0.33580700717182677,-0.00944654625781411,0.14360983180410467,0.07689119130373001,1.0,-1.1809811058531157,-0.2906625449308857,-0.006574349621732017,0.07311891655172331,False
-1.1809811058531157,-0.2906625449308857,-0.006574349621732017,0.07311891655172331,-0.35878580808639526,1.0,-1.1867943567517334,-0.5005885930749694,-0.005111971290697551,0.3860683388480091,False
-1.1867943567517334,-0.5005885930749694,-0.005111971290697551,0.3860683388480091,0.7574527859687805,1.0,-1.1968061286132328,-0.05712987582139106,0.0026093954862626313,-0.28061395863427446,False
-1.1968061286132328,-0.05712987582139106,0.0026093954862626313,-0.28061395863427446,-0.39968788623809814,1.0,-1.1979487261296606,-0.29113062188069505,-0.0030028836864228583,0.07115312688410397,False
-1.1979487261296606,-0.29113062188069505,-0.0030028836864228583,0.07115312688410397,0.09385446459054947,1.0,-1.2037713385672746,-0.23614840871775528,-0.001579821148740779,-0.012202667493811922,False
-1.2037713385672746,-0.23614840871775528,-0.001579821148740779,-0.012202667493811922,0.4108022451400757,1.0,-1.2084943067416296,0.004343810954361732,-0.0018238744986170173,-0.3734050140549558,False
-1.2084943067416296,0.004343810954361732,-0.0018238744986170173,-0.3734050140549558,-0.4833773374557495,1.0,-1.2084074305225423,-0.27858279909039674,-0.009291974779716133,0.050447976336689127,False
-1.2084074305225423,-0.27858279909039674,-0.009291974779716133,0.050447976336689127,-0.03964484483003616,1.0,-1.2139790865043503,-0.3016561619879733,-0.008283015252982352,0.08232472529056895,False
-1.2139790865043503,-0.3016561619879733,-0.008283015252982352,0.08232472529056895,0.5740185379981995,1.0,-1.2200122097441097,0.03447173251831104,-0.006636520747170973,-0.42428499932322733,False
-1.2200122097441097,0.03447173251831104,-0.006636520747170973,-0.42428499932322733,-0.6029011607170105,1.0,-1.2193227750937434,-0.3183508739952417,-0.015122220733635519,0.10298613308022292,False
-1.2193227750937434,-0.3183508739952417,-0.015122220733635519,0.10298613308022292,0.25590693950653076,1.0,-1.2256897925736483,-0.1683375146027866,-0.01306249807203106,-0.1264539409791401,False
-1.2256897925736483,-0.1683375146027866,-0.01306249807203106,-0.1264539409791401,0.010538754053413868,1.0,-1.229056542865704,-0.16198145693867833,-0.015591576891613862,-0.1398274793127257,False
-1.229056542865704,-0.16198145693867833,-0.015591576891613862,-0.1398274793127257,-0.7692920565605164,1.0,-1.2322961720044776,-0.6120674806385471,-0.018388126477868375,0.5306357590015831,False
-1.2322961720044776,-0.6120674806385471,-0.018388126477868375,0.5306357590015831,0.271562397480011,1.0,-1.2445375216172485,-0.45284946259438075,-0.007775411297836711,0.28644330274193497,False
-1.2445375216172485,-0.45284946259438075,-0.007775411297836711,0.28644330274193497,0.7132241725921631,1.0,-1.2535945108691362,-0.03524334939734125,-0.0020465452429980118,-0.34223287962070437,False
-1.2535945108691362,-0.03524334939734125,-0.0020465452429980118,-0.34223287962070437,0.2345590889453888,1.0,-1.254299377857083,0.10208860636925657,-0.008891202835412098,-0.5488320657567245,False
