epoch,score,pi_loss,q_loss
7.0,14.142857142857142,-0.658594012260437,2.5476269721984863
8.0,11.0,-0.6915426254272461,2.4341936111450195
9.0,7.0,-0.7213086485862732,2.4355247020721436
10.0,7.0,-0.7554945945739746,2.3830747604370117
11.0,5.0,-0.7667164206504822,2.367577314376831
12.0,14.0,-0.8125093579292297,2.362316370010376
13.0,11.0,-0.8496243953704834,2.3313138484954834
14.0,7.0,-0.8874512314796448,2.32460880279541
15.0,12.0,-0.9225471019744873,2.354018211364746
16.0,8.0,-0.9694095253944397,2.3035600185394287
17.0,11.0,-0.9973765015602112,2.337222099304199
18.0,22.0,-1.0581587553024292,2.3005268573760986
19.0,8.0,-1.1166850328445435,2.2889370918273926
20.0,16.0,-1.1809802055358887,2.2792723178863525
21.0,10.0,-1.2387547492980957,2.2804250717163086
22.0,7.0,-1.2779042720794678,2.283850908279419
23.0,11.0,-1.341046929359436,2.2903366088867188
24.0,10.0,-1.394281268119812,2.335440158843994
25.0,11.0,-1.4507402181625366,2.3269898891448975
26.0,25.0,-1.5570785999298096,2.3131015300750732
27.0,10.0,-1.660619854927063,2.3663649559020996
28.0,52.0,-1.8606263399124146,2.4534380435943604
29.0,14.0,-2.1041555404663086,2.5591049194335938
30.0,19.0,-2.2275731563568115,2.6563029289245605
31.0,20.0,-2.402186155319214,2.7007336616516113
32.0,9.0,-2.5018324851989746,2.7861251831054688
33.0,12.0,-2.6221494674682617,2.8959925174713135
34.0,14.0,-2.7489004135131836,3.1191771030426025
35.0,6.0,-2.8705196380615234,3.182861804962158
36.0,21.0,-2.988574743270874,3.224276542663574
37.0,9.0,-3.128631114959717,3.169691801071167
38.0,10.0,-3.222728967666626,3.4380910396575928
39.0,21.0,-3.372128486633301,3.558868646621704
40.0,24.0,-3.6210381984710693,3.8543639183044434
41.0,8.0,-3.7195613384246826,3.6739437580108643
42.0,8.0,-3.9174821376800537,4.208603858947754
43.0,15.0,-4.009814262390137,4.2243804931640625
44.0,8.0,-4.11486291885376,4.437891006469727
45.0,17.0,-4.286332130432129,4.647604465484619
46.0,17.0,-4.469305038452148,4.555930137634277
47.0,14.0,-4.661574840545654,5.167259216308594
48.0,7.0,-4.78140115737915,4.553286075592041
49.0,8.0,-4.903757572174072,5.747013568878174
50.0,6.0,-5.004889488220215,4.833210468292236
51.0,19.0,-5.136157035827637,5.748713493347168
52.0,21.0,-5.357032299041748,5.681499481201172
53.0,8.0,-5.47844123840332,5.77745246887207
54.0,8.0,-5.613183498382568,5.905817031860352
55.0,8.0,-5.805825710296631,6.682242393493652
56.0,20.0,-5.931816577911377,6.8225579261779785
57.0,14.0,-6.060764789581299,6.770699977874756
58.0,6.0,-6.275953769683838,6.679851531982422
59.0,8.0,-6.361691951751709,7.698496341705322
60.0,13.0,-6.390532970428467,6.848095893859863
61.0,15.0,-6.598599433898926,6.453650951385498
62.0,7.0,-6.810534477233887,7.915065765380859
63.0,7.0,-6.834797382354736,7.022160053253174
64.0,22.0,-7.06646203994751,8.0011568069458
65.0,7.0,-7.264890193939209,10.017603874206543
66.0,5.0,-7.353944778442383,8.617096900939941
67.0,9.0,-7.328259468078613,8.814021110534668
68.0,6.0,-7.333988189697266,8.420461654663086
69.0,8.0,-7.465205669403076,9.56826400756836
70.0,8.0,-7.598615646362305,9.853255271911621
71.0,10.0,-7.6774749755859375,9.512981414794922
72.0,13.0,-7.662250518798828,8.694243431091309
73.0,12.0,-7.847109794616699,9.6678466796875
74.0,5.0,-7.913608551025391,9.136720657348633
75.0,29.0,-8.021890640258789,9.49278450012207
76.0,9.0,-8.203343391418457,9.030196189880371
77.0,9.0,-8.250702857971191,9.283834457397461
78.0,11.0,-8.398876190185547,8.764029502868652
79.0,12.0,-8.550031661987305,8.557487487792969
80.0,15.0,-8.654741287231445,9.225789070129395
81.0,8.0,-8.794310569763184,11.013558387756348
82.0,10.0,-8.778477668762207,9.51473331451416
83.0,10.0,-8.912405967712402,10.46096420288086
84.0,8.0,-8.944329261779785,7.8581366539001465
85.0,9.0,-9.092636108398438,9.937621116638184
86.0,29.0,-9.208868026733398,9.689581871032715
87.0,8.0,-9.450939178466797,9.975485801696777
88.0,20.0,-9.455230712890625,10.307430267333984
89.0,8.0,-9.522316932678223,8.022627830505371
90.0,17.0,-9.706305503845215,9.384832382202148
91.0,7.0,-9.880842208862305,9.884870529174805
92.0,12.0,-9.945623397827148,9.605947494506836
93.0,8.0,-9.967647552490234,9.540888786315918
94.0,12.0,-10.067798614501953,9.687602043151855
95.0,12.0,-10.108224868774414,9.67056941986084
96.0,6.0,-10.204477310180664,9.502436637878418
97.0,7.0,-10.248361587524414,10.501129150390625
98.0,9.0,-10.263713836669922,10.445895195007324
99.0,8.0,-10.34583854675293,9.970874786376953
100.0,6.0,-10.38961124420166,9.017961502075195
101.0,12.0,-10.43348503112793,9.064321517944336
102.0,7.0,-10.528870582580566,9.013611793518066
103.0,9.0,-10.573856353759766,8.855334281921387
104.0,9.0,-10.62808895111084,8.589814186096191
105.0,6.0,-10.732810974121094,10.892821311950684
106.0,16.0,-10.720196723937988,10.498531341552734
107.0,8.0,-10.719470024108887,8.322389602661133
108.0,18.0,-10.815162658691406,8.708024978637695
109.0,11.0,-10.98831844329834,9.741358757019043
110.0,8.0,-11.013419151306152,9.003555297851562
111.0,7.0,-11.187362670898438,9.165140151977539
112.0,7.0,-11.093659400939941,10.411561965942383
113.0,5.0,-11.045634269714355,10.803020477294922
114.0,13.0,-11.026758193969727,9.457594871520996
115.0,10.0,-11.044299125671387,8.981634140014648
116.0,9.0,-11.0487642288208,8.773374557495117
117.0,7.0,-11.137794494628906,9.15778923034668
118.0,19.0,-11.193055152893066,7.7807936668396
119.0,9.0,-11.261026382446289,8.651853561401367
120.0,12.0,-11.186994552612305,8.627043724060059
121.0,9.0,-11.220773696899414,8.090548515319824
122.0,68.0,-11.35429859161377,7.097592830657959
123.0,12.0,-11.512941360473633,7.444997310638428
124.0,9.0,-11.5100679397583,7.336771488189697
125.0,11.0,-11.55094051361084,7.063683986663818
126.0,15.0,-11.426819801330566,7.006255149841309
127.0,5.0,-11.600071907043457,5.526577472686768
128.0,18.0,-11.660447120666504,6.678394794464111
129.0,15.0,-11.77541446685791,6.394006252288818
130.0,21.0,-11.866456031799316,6.550034046173096
131.0,22.0,-11.993023872375488,6.218635082244873
132.0,26.0,-12.146584510803223,6.019503593444824
133.0,22.0,-12.338761329650879,6.38267707824707
134.0,33.0,-12.420411109924316,6.288996696472168
135.0,25.0,-12.780492782592773,6.522528648376465
136.0,38.0,-13.079009056091309,6.798486232757568
137.0,48.0,-13.447927474975586,6.779632091522217
138.0,12.0,-13.832106590270996,6.490278244018555
139.0,20.0,-14.201510429382324,6.617465972900391
140.0,36.0,-14.664387702941895,7.474066734313965
141.0,8.0,-14.861781120300293,8.67416000366211
142.0,29.0,-15.178841590881348,8.186028480529785
143.0,40.0,-15.575055122375488,8.871142387390137
144.0,47.0,-16.25196075439453,8.792207717895508
145.0,58.0,-17.31362533569336,8.794825553894043
146.0,81.0,-18.728939056396484,10.00162124633789
147.0,53.0,-20.092636108398438,11.060084342956543
148.0,68.0,-21.22711944580078,11.919127464294434
149.0,28.0,-22.34574317932129,12.444372177124023
150.0,100.0,-23.54014015197754,14.293817520141602
151.0,79.0,-24.929405212402344,16.95711898803711
152.0,66.0,-26.11382484436035,15.468021392822266
153.0,75.0,-27.233539581298828,15.899491310119629
154.0,38.0,-27.99030876159668,17.407428741455078
155.0,77.0,-28.890533447265625,14.957895278930664
156.0,65.0,-30.0710506439209,16.114641189575195
157.0,80.0,-31.20714569091797,16.483173370361328
158.0,86.0,-32.55413818359375,14.40949535369873
159.0,71.0,-33.639671325683594,18.112308502197266
160.0,67.0,-34.34870529174805,17.209917068481445
161.0,79.0,-35.19581604003906,17.385421752929688
162.0,59.0,-35.984561920166016,19.638092041015625
163.0,94.0,-36.65388488769531,18.884729385375977
164.0,49.0,-37.31513595581055,18.72295570373535
165.0,60.0,-37.92557144165039,18.925941467285156
166.0,57.0,-38.23836135864258,20.48248863220215
167.0,105.0,-38.87826919555664,20.264902114868164
168.0,116.0,-39.724693298339844,18.07114028930664
169.0,108.0,-40.48060607910156,22.254024505615234
170.0,65.0,-40.60099792480469,21.404218673706055
171.0,88.0,-41.18801498413086,19.261428833007812
172.0,41.0,-41.542930603027344,19.843997955322266
173.0,53.0,-41.84296417236328,20.65117073059082
174.0,27.0,-42.0980339050293,18.682893753051758
175.0,39.0,-42.23310470581055,19.909587860107422
176.0,52.0,-42.12844467163086,28.963037490844727
177.0,65.0,-42.234642028808594,22.366971969604492
178.0,105.0,-42.116939544677734,23.239713668823242
179.0,99.0,-42.020301818847656,22.154577255249023
180.0,78.0,-42.10969543457031,20.23195457458496
181.0,68.0,-42.305885314941406,17.809232711791992
182.0,97.0,-42.477264404296875,21.759702682495117
183.0,109.0,-42.45537567138672,19.906614303588867
184.0,91.0,-43.010406494140625,18.374746322631836
185.0,60.0,-43.24547576904297,20.708541870117188
186.0,301.0,-44.01074981689453,16.08434295654297
187.0,265.0,-45.82923126220703,11.881248474121094
188.0,139.0,-47.19480514526367,11.909370422363281
189.0,199.0,-48.15846633911133,10.216414451599121
190.0,204.0,-49.072669982910156,5.2775559425354
191.0,293.0,-50.49536895751953,4.599210262298584
192.0,301.0,-52.07526779174805,3.0078163146972656
193.0,301.0,-55.92625427246094,5.683044910430908
194.0,301.0,-58.22835922241211,9.778223037719727
195.0,301.0,-61.16811752319336,13.864387512207031
196.0,301.0,-62.65202713012695,15.046553611755371
197.0,142.0,-63.932945251464844,13.950331687927246
198.0,84.0,-64.23036193847656,15.065518379211426
199.0,68.0,-64.08203887939453,18.761959075927734
200.0,102.0,-63.70158386230469,22.358991622924805
201.0,93.0,-63.11650085449219,19.305294036865234
202.0,81.0,-62.11391067504883,25.990739822387695
203.0,301.0,-60.9980354309082,14.85220718383789
204.0,301.0,-60.8631706237793,13.597228050231934
205.0,301.0,-62.88826370239258,14.802105903625488
206.0,301.0,-64.53951263427734,13.021614074707031
