epoch,score,pi_loss,q_loss,sim_timesteps
15,4.369384137051332,0.0349736250936985,0.26073312759399414,41
16,3.0307866039646587,-0.13934998214244843,0.16002075374126434,33
17,2.710385046897324,-0.2232171893119812,0.17614418268203735,31
18,4.4978593314371675,-0.3470836877822876,0.148747056722641,42
19,2.2648747114155823,-0.4278000593185425,0.1710667610168457,28
20,3.7476345247726845,-0.48801159858703613,0.17713284492492676,37
21,1.3241484171144302,-0.4363205134868622,0.16863462328910828,22
22,3.5623954754829903,-0.5002912878990173,0.15358348190784454,36
23,4.66849310149678,-0.5249269604682922,0.10012262314558029,43
24,2.437207255638249,-0.5990515947341919,0.07648983597755432,29
25,3.8782547418119755,-0.5788687467575073,0.04807652533054352,38
26,3.44123109746117,-0.5744227170944214,0.052133508026599884,35
27,3.789363113420947,-0.5159633755683899,0.029236333444714546,38
28,2.8108400464061996,-0.5049394965171814,0.03366604074835777,31
29,4.453690729396215,-0.5324689149856567,0.04063582047820091,42
30,2.737190829792679,-0.4412911534309387,0.03609481081366539,31
31,4.256696818439861,-0.5647571682929993,0.04001797363162041,40
32,4.429021072251548,-0.39320939779281616,0.03413929417729378,42
33,4.229494185532722,-0.34342116117477417,0.03167010843753815,40
34,2.6931398734100407,-0.3629838228225708,0.04309739172458649,31
35,2.844703907866159,-0.33681827783584595,0.03130754455924034,31
36,3.204766304002467,-0.29196399450302124,0.036243144422769547,33
37,2.4761760347273354,-0.19298596680164337,0.031894054263830185,29
38,2.644221936109642,-0.24826355278491974,0.03618740290403366,30
39,6.289231552372774,-0.2518562078475952,0.03329954296350479,53
40,3.9729299743425237,-0.19691091775894165,0.03958074748516083,38
41,1.766586357026318,-0.05037559196352959,0.035576727241277695,25
42,1.725486079417236,-0.1645621657371521,0.030073540285229683,25
43,3.9794833039466946,-0.07493288815021515,0.031113453209400177,39
44,4.106223973873135,-0.038356881588697433,0.030561506748199463,39
45,3.8125844677055243,-0.0874604806303978,0.028774911537766457,37
46,2.8664924194823076,-0.0032459183130413294,0.032033126801252365,32
47,1.9534202177061823,-0.05714084580540657,0.03218015283346176,26
48,3.339813496916425,0.11950936168432236,0.02659478411078453,35
49,3.4427595437868863,-0.05976426601409912,0.028279967606067657,35
50,3.005939013306799,0.01897752843797207,0.027877269312739372,33
51,5.568632126158134,-0.15362726151943207,0.034211162477731705,48
52,3.3537118432512782,0.0317804180085659,0.023642700165510178,35
53,3.3159693322449115,-0.017330441623926163,0.030102234333753586,34
54,3.151654780518169,0.013467266224324703,0.022380122914910316,34
55,3.2744347367422977,0.0456261932849884,0.022147227078676224,34
56,5.042220319951241,-0.006296784617006779,0.022815890610218048,44
57,4.881023023440817,-0.10773874074220657,0.02495100535452366,44
58,4.865884909300032,-0.1812777817249298,0.030048595741391182,43
59,3.0635928184955388,-0.09552670270204544,0.024245044216513634,33
60,2.454038274255085,-0.23394590616226196,0.02451726607978344,29
61,2.3800167233109235,-0.03445236757397652,0.029949204996228218,29
62,2.7932915908993445,-0.20067450404167175,0.024719487875699997,31
63,3.0994067955142537,-0.04916573688387871,0.04590783268213272,34
64,3.4325037901983277,-0.1547420769929886,0.02181987464427948,35
65,2.451372732321582,-0.11312499642372131,0.02090466395020485,29
66,3.1827100159149113,-0.16942566633224487,0.017110420390963554,34
67,5.434123965999748,-0.0511394701898098,0.01812022738158703,47
68,3.511049293810448,-0.12755250930786133,0.020138802006840706,36
69,1.7626050608750634,-0.12586145102977753,0.018984410911798477,25
70,2.8966439973070166,-0.09289855509996414,0.01847372017800808,32
71,2.652370019763622,-0.10439985990524292,0.023323746398091316,30
72,8.362870665532133,-0.13840094208717346,0.025459492579102516,65
73,2.432985455176123,-0.10402592271566391,0.015999089926481247,29
74,3.9819540806375757,-0.18488822877407074,0.02068670094013214,39
75,2.5739717669100086,-0.08655067533254623,0.021469328552484512,30
76,4.139877707103552,-0.23048479855060577,0.019062679260969162,40
77,4.427122930569171,-0.2608679234981537,0.01770583540201187,41
78,4.465814795932516,-0.09324284642934799,0.024709930643439293,42
79,3.5523170076510295,-0.11336598545312881,0.019007446244359016,37
80,3.049354124702111,-0.3326820433139801,0.014945262111723423,33
81,5.977632474001319,-0.1931084245443344,0.020672744140028954,51
82,6.025275326713723,-0.30927756428718567,0.023108897730708122,50
83,5.67744568244795,-0.22052665054798126,0.029296113178133965,50
84,9.57523271212916,-0.32980072498321533,0.03142211586236954,74
85,7.676986985978413,-0.2909221947193146,0.018663199618458748,62
86,3.681135378691981,-0.2508004307746887,0.025356069207191467,37
87,3.807998694163383,-0.2744571268558502,0.01880047656595707,38
88,5.074678322974151,-0.22232387959957123,0.02548528090119362,46
89,4.6881475593061825,-0.3318738341331482,0.019615476951003075,43
90,3.8108498616698716,-0.3186795711517334,0.01785431243479252,38
91,5.218488174443006,-0.32776933908462524,0.01329102460294962,46
92,2.793996410232163,-0.39389747381210327,0.014344905503094196,31
93,5.352699401826021,-0.2800290584564209,0.018002556636929512,47
94,3.7064389868633194,-0.2673629820346832,0.017443180084228516,36
95,3.9379092368320157,-0.432216078042984,0.016234904527664185,38
96,4.79833462367291,-0.3785564601421356,0.03615479916334152,44
97,1.9033285087396816,-0.270175963640213,0.019496150314807892,26
98,4.021194889504533,-0.29042482376098633,0.014935287646949291,39
99,4.16862141044951,-0.278360515832901,0.01362540852278471,40
100,2.5982299202014394,-0.2648053467273712,0.015069671906530857,30
101,4.103645402244277,-0.28865674138069153,0.015491051599383354,40
102,3.9080126332318352,-0.303935706615448,0.015656208619475365,38
103,2.421552883070609,-0.3055161237716675,0.015823805704712868,29
104,5.063501861797485,-0.319364070892334,0.021067608147859573,45
105,4.9255840055312845,-0.2245531529188156,0.01737532950937748,44
106,5.403712687113896,-0.2903280258178711,0.014878232963383198,48
107,3.8712256379558783,-0.24767370522022247,0.017613669857382774,38
108,2.3418712938156236,-0.2907835841178894,0.02104850858449936,29
109,4.3843287422895525,-0.34224751591682434,0.02703603357076645,40
110,3.2559145205722606,-0.3324207365512848,0.013780776411294937,34
111,4.17336268488726,-0.35848090052604675,0.017024170607328415,40
112,2.4801125793234275,-0.4166480600833893,0.019657298922538757,29
113,3.2688854669503167,-0.21908825635910034,0.02440653182566166,34
114,2.7896142364043754,-0.4336965084075928,0.01748766005039215,31
115,2.53287347831602,-0.32286137342453003,0.010028204880654812,30
116,3.3858818820484293,-0.41610029339790344,0.015377849340438843,35
117,4.880034846212882,-0.2526496648788452,0.015880733728408813,45
118,4.370452965025157,-0.35072237253189087,0.013927307911217213,41
119,4.099748868010149,-0.3194521367549896,0.014359240420162678,39
120,6.052473920371012,-0.4100756347179413,0.018307562917470932,52
121,4.235843820053323,-0.37661853432655334,0.015229849144816399,40
122,4.709877085099206,-0.335913747549057,0.015085664577782154,43
123,4.187084398368697,-0.38567453622817993,0.018701709806919098,40
124,5.574866277030438,-0.426453560590744,0.015780653804540634,48
125,6.442781807962046,-0.4500303566455841,0.017389878630638123,54
126,3.4742973542936406,-0.5048117637634277,0.01561038289219141,35
127,3.92798715368557,-0.40264594554901123,0.024816446006298065,39
128,4.689936956125816,-0.3734893202781677,0.015713561326265335,43
129,5.950371807038289,-0.3348235785961151,0.01178714632987976,51
130,2.3856111654033505,-0.40509358048439026,0.016309615224599838,29
131,5.942030338669146,-0.5055423974990845,0.013420354574918747,49
132,5.411294805809186,-0.477277547121048,0.011531097814440727,48
133,4.239563613937154,-0.38250336050987244,0.023751959204673767,40
134,3.5569437137076862,-0.41078120470046997,0.010153979994356632,37
135,3.9634745400374376,-0.4452260434627533,0.019669856876134872,39
136,4.808258505386097,-0.4477902352809906,0.016496336087584496,44
137,5.2039867633809065,-0.49190810322761536,0.026118963956832886,45
138,8.567001135179177,-0.45156344771385193,0.019345760345458984,65
139,10.375765643593168,-0.36269810795783997,0.012363526038825512,72
140,3.7229660592671,-0.40572085976600647,0.014653051272034645,36
141,3.9934848816569213,-0.47308966517448425,0.014975013211369514,38
142,3.5101271944703933,-0.6167019009590149,0.011567411944270134,35
143,1.9440404628077803,-0.5367143154144287,0.012344032526016235,26
144,3.1799486442096843,-0.5322825312614441,0.014638264663517475,34
145,7.646558428419251,-0.49052536487579346,0.01525841373950243,60
146,3.2676901064852277,-0.46097949147224426,0.013852784410119057,35
147,6.388248585671715,-0.5301012992858887,0.012276329100131989,53
148,3.5339202339577023,-0.492346853017807,0.012887408025562763,36
149,12.663892621596407,-0.5584768652915955,0.009358150884509087,93
150,5.409149960747566,-0.4561811685562134,0.01194863859564066,47
151,6.802068902280764,-0.5614180564880371,0.02113819681107998,56
152,4.7756000612721365,-0.5493731498718262,0.012174023315310478,44
153,5.5427214801825295,-0.5394495129585266,0.012741503305733204,49
154,6.643898600832356,-0.4732789099216461,0.014235108159482479,54
155,4.88004647154606,-0.45802041888237,0.014779763296246529,44
156,4.541297752161347,-0.56370609998703,0.015087646432220936,43
157,3.6281289043744724,-0.5129754543304443,0.014992735348641872,36
158,8.46720422160305,-0.6618192791938782,0.012365926057100296,64
159,5.492990587630246,-0.7094475626945496,0.01084178313612938,49
160,5.922551582508064,-0.5603660941123962,0.011936076916754246,50
161,3.4898947914865053,-0.7163534760475159,0.010670590214431286,35
162,4.106474431900509,-0.6097592115402222,0.013494456186890602,40
163,4.039842051407269,-0.6413460969924927,0.011459625326097012,38
164,5.009257686693263,-0.5370725393295288,0.012558829970657825,45
165,5.7510349330007715,-0.6303532123565674,0.01107226312160492,49
166,2.6304975916055504,-0.6408231258392334,0.022591110318899155,30
167,4.171781606035645,-0.6199723482131958,0.01481744833290577,41
168,2.8287168420942868,-0.5864270925521851,0.013705095276236534,31
169,4.6946551876280855,-0.5761910676956177,0.012368661351501942,43
170,2.8837828719590775,-0.43165022134780884,0.011638601310551167,32
171,5.566228167201388,-0.6287992000579834,0.01060446910560131,49
172,3.4456621333373523,-0.6855535507202148,0.012571492232382298,36
173,6.380311300004317,-0.4861220419406891,0.013303867541253567,57
174,5.428168494005867,-0.6813783049583435,0.012101907283067703,49
175,5.558783307101693,-0.6419407725334167,0.016025764867663383,47
176,5.387110532104986,-0.5713501572608948,0.013776118867099285,47
177,5.572059714907028,-0.6092130541801453,0.012274259701371193,48
178,6.504143241431578,-0.535131573677063,0.012501468881964684,52
179,7.886377036378665,-0.6904497742652893,0.015101580880582333,63
180,13.366572392686784,-0.7932529449462891,0.014512667432427406,92
181,5.247780743586893,-0.5954310894012451,0.009580198675394058,46
182,4.705113032857066,-0.8150452375411987,0.010605650022625923,43
183,3.7897421011036823,-0.6010589003562927,0.012965734116733074,38
184,6.156979624516717,-0.7051035761833191,0.01085242722183466,51
185,3.618637054877608,-0.7484695911407471,0.013496015220880508,36
186,5.2423187578362365,-0.8036388158798218,0.01586337201297283,47
187,5.984566912995003,-0.7841485738754272,0.014660421758890152,49
188,6.536245612201295,-0.7460933327674866,0.01589716225862503,51
189,5.7385941360776105,-0.6166316270828247,0.013141395524144173,48
190,10.569226096555308,-0.631484866142273,0.015172339975833893,77
191,4.901581102073955,-0.7985367774963379,0.012833161279559135,45
192,4.098062732148407,-0.7642602920532227,0.027663707733154297,40
193,4.500535595569065,-0.6298051476478577,0.016455529257655144,41
194,7.717732499487072,-0.7630046606063843,0.013620194979012012,61
195,9.127098245398079,-0.6032542586326599,0.009418356232345104,67
196,7.44503910730846,-0.7578401565551758,0.01400371640920639,58
197,6.140959881688405,-0.808504581451416,0.014256959781050682,52
198,5.146315924201576,-0.8967371582984924,0.012893224135041237,46
199,11.585197778662694,-0.7427520155906677,0.008304891176521778,85
200,3.792148446129649,-0.8525083661079407,0.008561499416828156,38
201,4.416062953577716,-0.9253435134887695,0.0200315210968256,42
202,4.9426789537156575,-0.8613069653511047,0.008087590336799622,45
203,5.266484724785629,-0.7432224154472351,0.01808835379779339,47
204,1.6491843420743106,-0.7947633266448975,0.013003598898649216,24
205,15.120970302870486,-0.8028021454811096,0.011391925625503063,98
206,10.668360474849663,-0.9018102288246155,0.008716595359146595,80
207,11.770922887999701,-0.8818789124488831,0.009813826531171799,86
208,5.021164595292238,-1.0201748609542847,0.011549346148967743,45
209,4.258960953506738,-1.029025673866272,0.008716723881661892,40
210,23.10994915729323,-1.0245890617370605,0.00872363056987524,161
211,7.04544588634861,-0.886816143989563,0.008746321313083172,58
212,101.64110496020173,-1.2629799842834473,0.013237668201327324,265
213,10.364916323495637,-1.322363257408142,0.013987602666020393,73
214,9.253413278638284,-1.1664977073669434,0.017141249030828476,71
215,10.58673473766084,-1.1245644092559814,0.017260560765862465,74
216,34.219971516265794,-1.3926267623901367,0.01551126316189766,248
217,17.031039357671272,-1.3746947050094604,0.014941969886422157,107
218,3.6655696490036087,-1.5712780952453613,0.019208626821637154,36
219,45.13604454314235,-1.5698033571243286,0.015391618944704533,270
220,53.52942974736736,-1.8014795780181885,0.010927272960543633,300
221,68.38246328559828,-2.114976406097412,0.018941443413496017,300
222,55.66649190413589,-2.307511806488037,0.015509192831814289,300
223,66.30179542859136,-2.808945894241333,0.01936994679272175,300
224,59.37464880220841,-3.0825769901275635,0.01729598641395569,300
225,55.00438504378523,-3.659174919128418,0.010084262117743492,300
226,59.0936813324263,-3.9559781551361084,0.24004091322422028,300
227,67.40529353083754,-4.18424129486084,0.21015118062496185,300
228,73.46005505927293,-4.893723487854004,0.011119876056909561,300
229,66.18240069950372,-5.06411075592041,0.013281252235174179,300
230,70.92126629728105,-5.829949855804443,0.5891774296760559,300
231,67.02455311143322,-6.0435333251953125,0.40786632895469666,300
232,82.9169143721634,-6.5416107177734375,0.02107018604874611,300
233,90.99427627597795,-7.022159099578857,0.5953238010406494,300
234,177.41996032653182,-7.255326271057129,0.04016277566552162,300
235,97.84875645610884,-8.141468048095703,0.024608738720417023,300
236,143.9256948459564,-8.539712905883789,0.052209269255399704,300
237,78.72984948951274,-9.203158378601074,0.7949725389480591,300
238,179.75838709144298,-9.959695816040039,0.9980051517486572,300
239,188.65862826444925,-11.125483512878418,1.449304223060608,300
240,182.3438227135884,-11.924004554748535,1.112206220626831,300
241,194.05278441449104,-13.4979248046875,2.9967727661132812,300
242,206.1565117294907,-14.706169128417969,0.17522932589054108,300
243,212.42941768608762,-16.562665939331055,0.10583169758319855,300
244,219.5638250419751,-18.915817260742188,0.03264700993895531,300
245,220.6612200065246,-21.071744918823242,3.904118537902832,300
246,221.8374579164456,-21.966838836669922,0.12951765954494476,300
247,233.20171296590135,-24.98276138305664,0.09850496053695679,300
248,226.13873073007173,-26.297231674194336,4.181521415710449,300
249,226.7941769135052,-29.097719192504883,4.300118446350098,300
250,232.93005930786555,-30.882877349853516,11.412102699279785,300
251,224.58333662195434,-33.014930725097656,0.1198277696967125,300
252,227.72866947201382,-34.45118713378906,0.15536139905452728,300
253,221.54120856527996,-35.09879684448242,3.977142333984375,300
254,230.2227393559075,-36.9237174987793,4.321621894836426,300
255,230.6602951526439,-38.276275634765625,4.39173698425293,300
256,232.8239536434097,-38.659446716308594,1.8852320909500122,300
257,237.70622680945777,-40.36332321166992,4.72904109954834,300
258,338.3916237782637,-43.8034782409668,3.0547852516174316,600
259,319.12796285034534,-44.5604248046875,11.866244316101074,600
260,232.76330606786922,-46.39081573486328,16.020963668823242,300
261,235.03979889463537,-46.81804656982422,5.505424976348877,300
262,241.6533733247249,-47.1574592590332,5.3180646896362305,300
263,230.49001072363967,-47.699989318847656,6.153703212738037,300
264,230.6944971753004,-48.554386138916016,10.669955253601074,300
265,235.95332621131288,-48.476417541503906,11.348830223083496,300
266,229.34905491981988,-49.22343826293945,5.842385768890381,300
267,388.70393613616824,-50.06521987915039,5.9341535568237305,600
268,240.27056543371245,-50.67546844482422,0.21086081862449646,300
269,244.04121817782644,-50.76482009887695,11.410770416259766,300
270,420.13786516906174,-50.676849365234375,8.31408977508545,600
271,241.57295697160458,-51.830413818359375,7.889078140258789,300
272,245.78261535306532,-50.19837951660156,13.78520679473877,300
273,401.8025859254713,-50.699771881103516,5.991868019104004,600
274,325.304556737247,-49.21877670288086,13.827274322509766,600
275,247.61070771705687,-51.26358413696289,6.213170051574707,300
276,246.19992850397165,-51.1441764831543,4.835769176483154,300
277,335.8816435339645,-49.880130767822266,12.243108749389648,600
278,437.3310301425911,-49.26854705810547,2.9497828483581543,600
279,248.08915720651123,-49.54885482788086,0.32446014881134033,300
280,245.23085864858692,-49.19574737548828,6.2136054039001465,300
281,325.7070450007431,-47.454017639160156,7.038753509521484,600
282,89.39897943315046,-46.95329666137695,0.11258881539106369,146
283,248.25274613271964,-47.46647262573242,1.2632807493209839,300
284,259.66139256006943,-48.70317077636719,6.372196197509766,327
285,248.75595827621754,-49.553218841552734,6.508470058441162,300
286,84.09127539018502,-50.330238342285156,16.501428604125977,135
287,449.25074571619854,-47.92142868041992,25.878131866455078,600
288,267.725877342916,-49.4265251159668,13.476075172424316,345
289,109.00773438879247,-50.11318588256836,0.1938343346118927,156
290,73.18038855534401,-47.715030670166016,16.93170738220215,121
291,88.76613546342206,-48.88140869140625,0.5929774045944214,135
292,100.05770709348295,-50.293251037597656,10.447669982910156,147
293,71.49646971767483,-50.30366134643555,7.281535625457764,123
294,85.9557894609635,-50.6187629699707,8.578882217407227,135
295,115.6994308621595,-47.96505355834961,8.28144359588623,173
296,243.57577663168297,-47.485111236572266,6.9975409507751465,300
297,198.56937623661935,-47.35188674926758,3.5718629360198975,300
298,228.19885635926917,-47.50605010986328,9.01075553894043,300
299,235.6352782067924,-46.45236587524414,3.6809871196746826,300
300,239.6721998922048,-45.61539840698242,3.2360103130340576,300
301,235.69059382764544,-46.26154327392578,0.32058677077293396,300
302,234.0136524829613,-45.33026123046875,17.320100784301758,300
303,231.4887339167114,-45.133399963378906,4.434783458709717,300
304,237.3674670718939,-46.13873291015625,5.69673490524292,300
305,230.2381828221895,-47.1604118347168,2.0383806228637695,300
306,406.0726642479704,-48.74388885498047,24.270977020263672,600
307,411.71481681230694,-49.20880126953125,15.584005355834961,600
308,107.78186147325808,-50.827457427978516,10.592175483703613,159
309,110.00337898419532,-50.5283317565918,7.9217209815979,160
310,415.3928134233577,-51.026119232177734,3.7611968517303467,600
311,221.9989368640963,-51.35447311401367,8.744697570800781,277
312,149.03410160637253,-50.842166900634766,17.113492965698242,204
313,421.6875328755546,-48.384498596191406,1.2726173400878906,600
314,427.9676489728929,-46.56479263305664,7.886940002441406,600
315,468.673809045859,-45.9318733215332,2.8237380981445312,600
316,456.49029771958027,-45.609092712402344,2.0251760482788086,600
317,978.5348783949129,-47.669029235839844,8.351240158081055,1200
318,234.0607640947524,-48.07244873046875,15.539593696594238,300
319,423.20852738565577,-50.69084167480469,7.275178909301758,600
320,465.3309188846582,-52.67918014526367,9.519851684570312,600
321,243.56042191513188,-55.31253433227539,20.976696014404297,300
322,244.32199624159185,-56.687992095947266,13.117697715759277,300
323,488.72439646758687,-60.02448654174805,0.17910857498645782,600
324,238.7425430151536,-60.44306564331055,0.14290963113307953,300
325,433.5887587832408,-59.73020553588867,16.54378890991211,600
326,488.983741978845,-59.011898040771484,9.355100631713867,600
327,460.73880068439325,-60.504329681396484,0.1960616409778595,600
328,137.12757131591903,-60.01115417480469,6.5558271408081055,186
329,810.2717319652519,-60.179073333740234,16.40215301513672,1028
330,1026.0205823202568,-62.66518783569336,0.6175019145011902,1200
331,759.4032438861119,-62.46611785888672,2.514765977859497,900
332,240.86016964709563,-64.14591979980469,11.942755699157715,300
333,243.4697757524374,-64.54737854003906,11.628847122192383,300
334,1006.3161249019246,-65.20854949951172,0.22132620215415955,1200
335,203.8368768263996,-65.61271667480469,1.3464140892028809,264
336,116.32864482392428,-65.9024887084961,2.295229911804199,165
337,757.1908527503545,-66.05596923828125,19.379484176635742,900
338,215.52103554878713,-65.43418884277344,3.8927161693573,300
339,222.9196773136784,-66.85903930664062,12.161747932434082,300
340,236.4075767865766,-65.67548370361328,20.435457229614258,300
341,230.31737838413818,-66.0060806274414,10.585902214050293,300
342,231.88051665745218,-65.56423950195312,10.482290267944336,300
343,195.5809478570964,-64.37477111816406,4.752034664154053,242
344,1037.0960725821328,-66.24561309814453,4.429386615753174,1200
345,1018.068049137052,-67.05725860595703,1.9316896200180054,1200
346,1036.8377992238866,-67.59060668945312,3.4161250591278076,1200
347,512.7606699680841,-66.70214080810547,0.7124999761581421,600
348,231.52552041168255,-66.72200775146484,20.99580192565918,281
349,1037.5381579918796,-65.02910614013672,25.9816837310791,1200
350,1045.7959882428065,-66.75243377685547,1.3794792890548706,1200
351,1037.6869890907374,-68.19037628173828,10.16561222076416,1200
352,127.29315800412658,-68.68722534179688,0.18248365819454193,175
353,86.36576255635714,-68.13277435302734,1.5964653491973877,133
354,1033.7408648012313,-69.91107940673828,9.848005294799805,1200
355,127.89422782245109,-70.04273986816406,2.7939951419830322,180
356,1027.7087509730825,-71.62838745117188,15.27628231048584,1200
357,1053.418583748283,-70.6875228881836,16.777746200561523,1200
358,1033.1450266228078,-71.52498626708984,2.4647469520568848,1200
359,1022.4312685810353,-71.2717514038086,3.481612205505371,1200
360,1042.6618495839487,-71.97409057617188,1.9778811931610107,1200
361,1047.0034509908128,-71.63028717041016,4.2226948738098145,1200
362,1043.0854607636186,-73.1953353881836,0.32967427372932434,1200
363,1032.9088173742186,-75.04582977294922,0.21583837270736694,1200
364,761.742133828834,-75.63384246826172,10.87752628326416,900
365,496.86910424203046,-76.89561462402344,24.60763931274414,599
366,250.6316855774623,-77.7175521850586,13.263105392456055,300
367,453.3255129269875,-77.39260864257812,11.627350807189941,600
368,417.64016611515666,-76.97381591796875,0.26205193996429443,600
369,429.6423976663626,-75.23267364501953,10.08016300201416,600
370,840.5588850731685,-73.94168853759766,5.597766876220703,1005
371,383.3200469807433,-73.30632781982422,15.572075843811035,472
372,258.9403561775276,-73.2056884765625,10.712993621826172,312
373,89.29823391375261,-71.7628173828125,34.17171859741211,135
374,75.8773009665895,-72.33773803710938,0.8999385237693787,124
375,64.41877462515806,-70.93985748291016,4.336573123931885,110
376,59.1411359245229,-70.28229522705078,16.79795265197754,108
377,63.46244497113335,-68.76506805419922,17.40176773071289,111
378,53.163643607472004,-67.71269989013672,14.50964641571045,103
379,1051.272560298009,-65.96012878417969,1.4507191181182861,1200
380,1043.3567937821745,-65.50853729248047,1.1916866302490234,1200
381,1058.3665835409022,-67.03742980957031,13.69091796875,1200
382,1061.661074183564,-68.18222045898438,19.619443893432617,1200
383,1051.0152803469573,-67.94801330566406,0.5535221695899963,1200
384,411.43899321419406,-69.44140625,0.6557678580284119,490
385,1047.6220542697401,-69.66605377197266,2.1277852058410645,1200
386,1051.5101897437123,-70.05815887451172,6.256575107574463,1200
387,1057.960010686659,-72.09294128417969,2.1452724933624268,1200
388,1050.6842067344535,-73.24185180664062,9.28298282623291,1200
389,1050.224497903464,-73.86138916015625,1.5657051801681519,1200
390,1060.141823302451,-74.99763488769531,8.649808883666992,1200
391,1051.9238437787187,-74.04730987548828,1.0864001512527466,1200
392,1050.138860855589,-74.72665405273438,7.565407752990723,1200
393,1045.5608970980109,-75.43708038330078,0.15473946928977966,1200
394,1045.3243171030417,-76.4554214477539,11.196235656738281,1200
395,1033.9944826686196,-78.01063537597656,12.371712684631348,1200
396,1038.4674694498958,-78.15477752685547,1.562614917755127,1200
397,1039.3299895236853,-78.52777862548828,1.5343844890594482,1200
398,1056.6911467842597,-78.5761947631836,1.4940143823623657,1200
399,1058.4352811768713,-79.45957946777344,2.861482858657837,1200
400,1045.156711341178,-79.8352279663086,2.052873373031616,1200
401,1045.8312676642586,-78.60314178466797,0.21811354160308838,1200
402,840.5624893225743,-78.18289184570312,22.437604904174805,999
403,136.47636318143938,-79.2401351928711,0.3256935179233551,186
404,337.44052316975734,-77.32745361328125,0.5769779682159424,418
405,1019.9998335075684,-76.85026550292969,0.39877983927726746,1200
406,1035.5718298264585,-75.29949951171875,1.2162641286849976,1200
407,84.68569618334033,-74.40963745117188,15.139782905578613,136
408,167.45703855246336,-73.88312530517578,3.753687858581543,220
409,55.555280202718706,-73.28333282470703,12.298304557800293,104
410,120.93908520149057,-72.58528900146484,2.581178903579712,172
411,366.94190931059586,-71.71593475341797,0.5101656913757324,446
412,345.57880769996274,-71.54546356201172,8.710145950317383,421
413,381.45513939030593,-72.01499938964844,3.5591728687286377,465
414,774.796175791166,-70.10964965820312,21.370315551757812,900
415,1049.5697728862228,-69.40614318847656,1.467856764793396,1200
416,425.7973642703462,-70.38114929199219,8.030014991760254,505
417,1037.6651177783046,-71.10861206054688,3.0577611923217773,1200
418,249.53610608872788,-70.86945343017578,14.269464492797852,300
419,251.78779877725154,-71.36033630371094,2.6586639881134033,300
420,250.38101318534476,-72.12065887451172,6.707790851593018,300
421,1006.3462418747654,-75.36090087890625,0.6948579549789429,1200
422,1046.8014696877349,-73.18868255615234,9.957128524780273,1200
423,244.54735105370085,-72.70124053955078,14.659080505371094,300
424,243.3135224729483,-72.97470092773438,5.268909931182861,300
425,1035.7619797616576,-72.43240356445312,2.92403244972229,1200
426,1048.9041276303017,-72.83126831054688,11.45376968383789,1200
427,250.60375795509518,-72.87248229980469,2.439757823944092,300
428,249.32770430661049,-72.62908935546875,18.05671501159668,300
429,1042.1262934230635,-73.40641784667969,0.21993006765842438,1200
430,249.17719976475323,-73.07382202148438,21.544818878173828,300
431,1035.6990820982203,-73.55992126464844,9.190958976745605,1200
432,115.309230377123,-73.12237548828125,12.83578872680664,166
433,648.3882799052894,-73.77410888671875,0.1340678185224533,786
434,755.7583602345044,-73.44036102294922,10.728759765625,900
435,123.23814380072953,-73.44682312011719,12.653360366821289,178
436,1035.2154902904826,-74.33686065673828,15.148283958435059,1200
437,1046.7998063831114,-74.87284088134766,1.7289961576461792,1200
438,1036.9605027104556,-75.29167175292969,0.37456005811691284,1200
439,702.4944870991457,-75.86479187011719,2.018258571624756,839
440,1031.335464696606,-74.56715393066406,1.3687745332717896,1200
441,1023.8247773881718,-73.76647186279297,12.265962600708008,1200
442,194.5728161114825,-73.67863464355469,9.861458778381348,249
443,166.25496692287498,-73.61799621582031,2.743784189224243,219
444,220.80349867598667,-73.282958984375,9.349912643432617,276
445,752.1061959467922,-72.53099060058594,0.6487466096878052,890
446,1050.5292341431934,-74.22461700439453,10.782567024230957,1200
447,1046.5966813696787,-73.03837585449219,9.834529876708984,1200
448,734.7935006154115,-72.7923355102539,12.888432502746582,870
449,1033.9095457707353,-74.95952606201172,10.59470272064209,1200
450,1038.6430792465958,-74.60746002197266,12.715555191040039,1200
451,1042.9653166274327,-73.79136657714844,1.886229395866394,1200
452,866.8352570169111,-73.923095703125,2.6843340396881104,1042
453,333.46185497799445,-72.5085678100586,0.3234417736530304,422
454,241.7175175569742,-73.58867645263672,2.491395950317383,300
455,338.5901762054717,-72.76692199707031,7.758151054382324,433
456,1031.3279396862658,-69.38908386230469,2.4676904678344727,1200
457,709.8356456707542,-67.17506408691406,0.5526437759399414,856
458,79.84465065784606,-67.58871459960938,1.4784578084945679,134
459,997.5478456733456,-67.4994125366211,0.6668717265129089,1200
460,496.0667886141859,-68.6585922241211,11.496344566345215,600
461,240.68552638722159,-70.15128326416016,2.1346845626831055,300
462,240.66510180650118,-69.02800750732422,0.8667449355125427,300
463,487.5014992931878,-68.00962829589844,0.6353367567062378,600
464,489.0214020956894,-67.17201232910156,1.525256872177124,600
465,502.09976309593355,-66.25552368164062,4.201645851135254,600
466,250.01558937747623,-65.28313446044922,12.936050415039062,308
467,511.4669503142853,-65.53417205810547,2.4988138675689697,600
468,491.45792493137327,-65.15838623046875,2.9050214290618896,600
469,464.0767561129834,-66.5285415649414,5.306400775909424,600
470,494.0493492930451,-65.87603759765625,6.311481952667236,600
471,468.98393062346815,-64.61276245117188,2.712085723876953,600
472,512.8794525318448,-65.11397552490234,11.413896560668945,600
473,494.43004771103773,-64.06063842773438,29.0125789642334,600
474,497.1849470393263,-66.39484405517578,9.17799186706543,600
475,468.68616954861614,-65.93816375732422,0.9970030784606934,600
476,476.06721944147625,-65.21673583984375,21.998985290527344,600
477,496.4746370554895,-66.4662857055664,6.928737163543701,600
478,1025.5490577049693,-67.13015747070312,0.16560617089271545,1200
479,248.38981479558856,-67.27971649169922,5.6051025390625,300
480,1011.8749655284564,-67.69937133789062,2.578174114227295,1200
